00007938.png 2347.555216 2347.555436 278 236 2308 206 170 144 132
00007939.png 2347.615950 2347.616215 278 238 2644 208 168 140 140
00007940.png 2347.942912 2347.943119 298 264 2624 228 196 140 136
00007941.png 2348.210470 2348.210683 302 270 2812 230 198 144 144
00007942.png 2348.323555 2348.323742 292 302 1688 228 234 128 136
00007943.png 2356.703127 2356.703236 402 152 4004 334 56 136 192
00007944.png 2356.793751 2356.793432 404 196 4384 334 98 140 196
00007945.png 2356.882937 2356.883054 404 198 3476 338 108 132 180
00007946.png 2357.173401 2357.173592 392 214 3688 322 128 140 172
00007947.png 2357.416735 2357.416908 390 214 3580 320 128 140 172
00007948.png 2357.486837 2357.486976 458 168 3876 388 68 140 200
00007949.png 2357.533642 2357.533816 514 124 2292 434 64 160 120
00007950.png 2357.870266 2357.870461 498 138 3332 420 60 156 156
00007951.png 2357.927846 2357.928058 434 122 1892 362 72 144 100
00007952.png 2358.008540 2358.008762 370 186 3180 286 110 168 152
00007953.png 2358.177337 2358.177539 368 188 2868 292 114 152 148
00007954.png 2358.301074 2358.301237 352 268 2144 286 196 132 144
00007955.png 2358.403593 2358.403800 338 268 2968 268 196 140 144
00007956.png 2358.574261 2358.574486 328 268 2148 258 200 140 136
00007957.png 2358.660265 2358.660424 316 268 4020 218 200 196 136
00007958.png 2358.702132 2358.702348 308 266 2560 236 196 144 140
00007959.png 2358.954107 2358.954260 306 266 2940 222 196 168 140
00007960.png 2359.043317 2359.043492 304 258 3712 216 188 176 140
00007961.png 2359.151554 2359.151804 298 258 4856 202 184 184 148
00007962.png 2359.368663 2359.368934 302 254 4816 206 178 192 152
00007963.png 2359.442615 2359.442828 308 254 4856 208 184 200 140
00007964.png 2359.647862 2359.648083 334 234 9808 230 128 208 212
00007965.png 2359.719704 2359.719908 338 236 8024 238 142 200 188
00007966.png 2359.805960 2359.806318 346 238 8532 242 148 208 180
00007967.png 2359.899731 2359.899852 360 236 9932 254 128 212 216
00007968.png 2360.012458 2360.012667 364 234 9784 258 126 212 216
00007969.png 2360.282665 2360.282894 392 224 9648 288 110 208 228
00007970.png 2360.575523 2360.575782 400 228 9352 294 114 212 228
00007971.png 2360.926013 2360.926250 406 226 8880 310 104 192 244
00007972.png 2360.977903 2360.978115 408 228 4512 332 118 152 220
00007973.png 2361.217119 2361.217357 390 174 2156 316 126 148 96
00007974.png 2361.326048 2361.326371 384 172 4908 304 84 160 176
00007975.png 2361.385739 2361.385976 376 230 4340 310 136 132 188
00007976.png 2361.630191 2361.630402 374 232 4268 298 134 152 196
00007977.png 2362.003749 2362.003999 348 200 4016 262 118 172 164
00007978.png 2362.631543 2362.631744 316 228 2996 246 148 140 160
00007979.png 2362.675571 2362.675738 300 212 2748 228 134 144 156
00007980.png 2362.930390 2362.930620 308 214 3972 222 144 172 140
00007981.png 2363.041235 2363.041487 344 212 3684 258 136 172 152
00007982.png 2363.351212 2363.351484 366 204 4088 276 128 180 152
00007983.png 2363.422581 2363.421203 368 202 5232 280 126 176 152
00007984.png 2363.640557 2363.640733 366 202 5504 278 124 176 156
00007985.png 2363.939392 2363.939581 382 204 3444 296 132 172 144
00007986.png 2364.028464 2364.028687 384 204 2888 300 132 168 144
00007987.png 2364.289812 2364.289971 386 198 2268 304 138 164 120
00007988.png 2364.391730 2364.392019 390 198 3236 300 128 180 140
00007989.png 2364.638550 2364.638721 394 198 3564 314 128 160 140
00007990.png 2364.758289 2364.758485 414 212 2532 346 136 136 152
00007991.png 2364.987591 2364.987782 418 224 2328 356 146 124 156
00007992.png 2365.058794 2365.059040 418 226 2444 358 140 120 172
00007993.png 2365.133407 2365.133647 418 232 2672 356 146 124 172
00007994.png 2365.354697 2365.354935 264 234 1292 202 166 124 136
00007995.png 2365.527866 2365.528139 372 188 2540 300 118 144 140
00007996.png 2365.855758 2365.855969 196 348 1600 130 286 132 124
00007997.png 2366.147561 2366.147784 304 276 1576 236 216 136 120
00007998.png 2366.261369 2366.261629 398 212 5264 336 132 124 160
00007999.png 2366.383996 2366.384217 406 206 2416 336 138 140 136
00008000.png 2366.485877 2366.486019 268 204 5888 190 116 156 176
00008001.png 2367.090497 2367.090697 388 234 2604 306 174 164 120
00008002.png 2367.230373 2367.231057 394 230 2432 302 170 184 120
00008003.png 2367.523766 2367.523958 474 184 1484 398 128 152 112
00008004.png 2367.679874 2367.680148 548 124 3448 500 62 96 124
00008005.png 2367.992312 2367.992532 406 244 2616 314 188 184 112
00008006.png 2368.205280 2368.205528 404 244 2600 316 188 176 112
00008007.png 2368.315167 2368.315387 370 248 2464 284 184 172 128
00008008.png 2368.421542 2368.421727 362 250 2992 272 186 180 128
00008009.png 2368.708997 2368.709103 352 254 2332 274 190 156 128
00008010.png 2368.799514 2368.799845 328 264 2780 248 198 160 132
00008011.png 2369.115989 2369.116231 320 268 3264 218 156 124 124
00008012.png 2369.205470 2369.205638 316 268 2596 210 204 164 136
00008013.png 2369.349930 2369.350130 288 264 2944 212 194 152 140
00008014.png 2369.564068 2369.564234 280 262 3088 200 190 160 144
00008015.png 2369.677958 2369.678182 264 238 3972 186 154 156 168
00008016.png 2369.802913 2369.803144 262 232 2892 186 160 152 144
00008017.png 2370.222649 2370.222920 202 202 3636 130 118 144 168
00008018.png 2370.347037 2370.347230 254 216 3684 186 132 136 168
00008019.png 2370.692424 2370.692651 258 218 3848 192 140 144 152
00008020.png 2370.806802 2370.807002 268 216 4024 194 134 148 164
00008021.png 2370.867216 2370.867444 312 156 2440 226 108 172 96
00008022.png 2371.097276 2371.097538 296 222 4976 212 140 168 164
00008023.png 2371.186739 2371.186950 310 228 6396 214 144 192 168
00008024.png 2371.295847 2371.296065 310 226 7596 208 140 204 172
00008025.png 2371.550743 2371.550985 302 228 1560 224 152 156 152
00008026.png 2371.652699 2371.652951 268 220 1892 206 152 124 136
00008027.png 2371.750466 2371.750715 278 218 6188 188 114 180 208
00008028.png 2371.961746 2371.962051 272 210 2152 188 138 168 144
00008029.png 2372.032000 2372.032202 282 230 2052 208 158 148 144
00008030.png 2372.136397 2372.136636 292 232 2240 198 160 188 144
00008031.png 2372.425977 2372.426164 268 214 7700 158 102 220 224
00008032.png 2372.464267 2372.464442 282 194 5124 188 110 188 168
00008033.png 2372.708428 2372.708630 282 194 5324 186 112 192 164
00008034.png 2372.766827 2372.767077 278 184 3388 204 110 148 148
00008035.png 2372.846278 2372.846495 256 190 4036 174 80 164 220
00008036.png 2372.938003 2372.938217 240 200 3852 154 118 172 164
00008037.png 2373.015808 2373.015985 242 194 3316 158 118 168 152
00008038.png 2373.073992 2373.074151 240 196 1672 174 132 132 128
00008039.png 2373.141154 2373.141364 238 196 3904 152 110 172 172
00008040.png 2373.192968 2373.193134 236 198 2884 160 116 152 164
00008041.png 2373.441489 2373.441684 226 202 3340 136 124 180 156
00008042.png 2373.495338 2373.494383 232 202 2420 154 128 156 148
00008043.png 2373.712762 2373.712968 246 208 4644 150 138 192 140
00008044.png 2373.805330 2373.805583 188 162 1544 120 106 136 112
00008045.png 2374.060190 2374.060392 242 224 1616 174 144 136 160
00008046.png 2374.347259 2374.347427 240 172 1552 180 106 120 132
00008047.png 2374.450321 2374.450417 322 216 3436 232 134 180 164
00008048.png 2374.552149 2374.552376 344 210 2900 248 128 192 164
00008049.png 2374.801834 2374.801993 268 204 2892 184 132 168 144
00008050.png 2374.925211 2374.925376 190 144 3512 96 64 188 160
00008051.png 2375.010363 2375.010544 198 148 1260 136 86 124 124
00008052.png 2375.304884 2375.305064 294 210 2932 206 136 176 148
00008053.png 2375.399327 2375.399520 382 288 3060 304 220 156 136
00008054.png 2375.627567 2375.627758 372 312 5500 272 230 200 164
00008055.png 2375.677048 2375.677267 378 312 3816 298 228 160 168
00008056.png 2375.756851 2375.757025 380 316 2964 290 232 180 168
00008057.png 2375.971243 2375.971687 382 320 2072 310 256 144 128
00008058.png 2376.250310 2376.250508 266 334 3428 198 246 136 176
00008059.png 2376.504436 2376.504660 274 326 4248 184 254 180 144
00008060.png 2376.781361 2376.781552 376 236 6468 266 154 220 164
00008061.png 2376.867909 2376.868008 372 234 5952 272 154 200 160
00008062.png 2377.135892 2377.136075 364 220 6672 270 142 188 156
00008063.png 2377.243388 2377.243609 366 218 7748 266 136 200 164
00008064.png 2377.317638 2377.317841 366 218 7400 266 136 200 164
00008065.png 2377.400658 2377.400822 358 214 8540 256 130 204 168
00008066.png 2377.470554 2377.470922 358 212 9464 256 112 204 200
00008067.png 2377.523822 2377.523978 358 220 8004 258 132 200 176
00008068.png 2377.825690 2377.825889 352 234 7884 250 152 204 164
00008069.png 2377.924350 2377.924585 356 240 5372 248 156 216 168
00008070.png 2378.018122 2378.018362 360 244 8168 250 158 220 172
00008071.png 2378.097291 2378.097598 360 244 7948 254 162 212 164
00008072.png 2378.318622 2378.318822 358 246 7992 248 162 220 168
00008073.png 2378.410132 2378.410374 366 252 5760 272 170 188 164
00008074.png 2378.483441 2378.483782 370 256 6340 276 174 188 164
00008075.png 2378.711738 2378.711986 386 258 6520 294 174 184 168
00008076.png 2378.771190 2378.771413 384 258 5900 292 178 184 160
00008077.png 2378.845395 2378.845694 382 250 6032 290 170 184 160
00008078.png 2378.926738 2378.926948 386 248 6292 292 166 188 164
00008079.png 2379.017659 2379.018114 398 244 5932 294 156 208 176
00008080.png 2379.106740 2379.106944 408 240 5548 318 152 180 176
00008081.png 2379.195171 2379.195398 412 238 4388 330 160 164 156
00008082.png 2379.276835 2379.277049 426 234 3516 346 154 160 160
00008083.png 2379.357342 2379.357615 434 240 1256 366 178 136 124
00008084.png 2379.583688 2379.583930 238 90 1412 168 42 140 96
00008085.png 2379.657864 2379.658116 310 136 2228 222 68 176 136
00008086.png 2379.732631 2379.732854 476 204 3944 380 132 192 144
00008087.png 2379.803263 2379.803474 484 198 3160 404 126 160 144
00008088.png 2379.872978 2379.873192 484 196 3848 390 124 188 144
00008089.png 2379.934782 2379.935014 488 194 3624 402 120 172 148
00008090.png 2379.993134 2379.993375 484 194 3888 390 122 188 144
00008091.png 2380.057307 2380.057525 486 194 3208 392 124 188 140
00008092.png 2380.276151 2380.276339 510 202 9076 384 112 252 180
00008093.png 2380.563730 2380.563940 478 220 7144 370 134 216 172
00008094.png 2380.625402 2380.625614 474 222 6860 366 134 216 176
00008095.png 2380.715247 2380.715440 468 228 3892 372 154 192 148
00008096.png 2380.869016 2380.869213 464 228 5828 352 148 224 160
00008097.png 2381.191049 2381.191255 448 242 6784 332 162 232 160
00008098.png 2381.240027 2381.240277 444 244 6464 340 164 208 160
00008099.png 2381.470087 2381.470359 436 248 6372 318 166 236 164
00008100.png 2381.587449 2381.587678 434 248 4476 340 172 188 152
00008101.png 2381.680114 2381.680278 420 248 4684 322 178 196 140
00008102.png 2381.752332 2381.752517 424 242 6912 306 156 236 172
00008103.png 2381.810995 2381.811211 430 238 8088 314 150 232 176
00008104.png 2382.037476 2382.037698 418 228 6784 310 138 216 180
00008105.png 2382.104833 2382.105024 414 230 6380 316 140 196 180
00008106.png 2382.185309 2382.185540 412 234 6064 308 146 208 176
00008107.png 2382.249241 2382.249463 408 236 5340 312 146 192 180
00008108.png 2382.324007 2382.324193 398 242 4864 300 154 196 176
00008109.png 2382.398614 2382.398727 398 250 5680 302 150 192 200
00008110.png 2382.472946 2382.473681 396 260 3116 322 182 148 156
00008111.png 2382.535933 2382.536124 386 200 1640 310 142 152 116
00008112.png 2382.832185 2382.832390 394 246 5072 310 154 168 184
00008113.png 2382.901765 2382.901959 286 278 5212 218 172 136 212
00008114.png 2382.977798 2382.977971 290 284 5000 204 190 172 188
00008115.png 2383.233112 2383.233285 412 260 5212 324 166 176 188
00008116.png 2383.357742 2383.357867 328 200 2860 258 126 140 148
00008117.png 2383.696728 2383.695998 312 332 2396 238 258 148 148
00008118.png 2383.943923 2383.944152 334 326 1936 264 256 140 140
00008119.png 2384.074043 2384.074283 342 212 2016 272 154 140 116
00008120.png 2384.163297 2384.163527 250 136 2156 178 74 144 124
00008121.png 2384.257317 2384.257564 316 228 1208 258 166 116 124
00008122.png 2384.319916 2384.320143 320 266 1732 250 196 140 140
00008123.png 2384.595996 2384.596244 408 304 3916 314 232 188 144
00008124.png 2384.695610 2384.695787 388 284 1244 324 226 128 116
00008125.png 2384.789862 2384.790077 350 212 1444 272 152 156 120
00008126.png 2384.909925 2384.910097 406 276 3616 324 198 164 156
00008127.png 2385.234450 2385.234676 422 300 2544 346 224 152 152
00008128.png 2385.475608 2385.475909 410 300 4104 310 228 200 144
00008129.png 2385.575838 2385.576583 412 300 1212 350 242 124 116
00008130.png 2385.874528 2385.874798 414 322 1856 330 262 168 120
00008131.png 2385.947886 2385.948094 412 324 1724 328 266 168 116
00008132.png 2386.066137 2386.066342 398 320 2160 312 260 172 120
00008133.png 2386.399030 2386.399264 388 318 3932 284 256 208 124
00008134.png 2386.499314 2386.499537 370 308 3128 288 238 164 140
00008135.png 2386.582861 2386.583054 364 310 4240 252 242 224 136
00008136.png 2386.876959 2386.877064 360 310 3208 260 232 196 156
00008137.png 2386.963659 2386.963826 350 304 4540 254 226 192 156
00008138.png 2387.065309 2387.065441 344 294 5104 260 234 172 132
00008139.png 2387.244248 2387.244473 354 280 8744 234 192 240 176
00008140.png 2387.531179 2387.531389 364 266 6884 254 188 220 156
00008141.png 2387.578255 2387.578512 368 270 7336 266 180 204 180
00008142.png 2387.841729 2387.841962 378 266 2248 296 206 164 120
00008143.png 2387.918595 2387.918784 384 272 3812 294 202 180 140
00008144.png 2387.993104 2387.993263 380 262 7680 268 176 224 172
00008145.png 2388.299749 2388.299972 380 256 3076 294 178 172 156
00008146.png 2388.357347 2388.357540 392 252 4008 290 184 204 136
00008147.png 2388.511117 2388.511309 390 248 7736 276 158 228 180
00008148.png 2388.689142 2388.689351 384 238 4788 296 154 176 168
00008149.png 2388.919827 2388.920074 352 220 4440 276 134 152 172
00008150.png 2389.215487 2389.215740 370 218 4196 274 150 192 136
00008151.png 2389.497758 2389.498039 278 172 8364 184 70 188 204
00008152.png 2389.602395 2389.602609 200 116 11020 52 38 296 156
00008153.png 2389.666079 2389.666300 282 122 6324 176 46 212 152
00008154.png 2389.911488 2389.911660 354 156 3008 252 96 204 120
00008155.png 2390.000454 2390.000628 338 158 1388 272 98 132 120
00008156.png 2390.107315 2390.107535 342 154 1256 280 96 124 116
00008157.png 2390.208058 2390.208290 332 152 5148 230 70 204 164
00008158.png 2390.294826 2390.295057 350 182 6012 258 90 184 184
00008159.png 2390.370255 2390.370470 360 178 6208 266 96 188 164
00008160.png 2390.643739 2390.643937 366 186 3376 0 0 0 0
00008161.png 2390.713479 2390.713646 382 212 5268 284 110 164 152
00008162.png 2391.013355 2391.013633 384 214 6568 292 132 184 164
00008163.png 2391.101898 2391.102096 384 218 7920 294 124 180 188
00008164.png 2391.204395 2391.204608 380 224 7652 290 130 180 188
00008165.png 2391.536719 2391.537001 378 224 7560 288 130 180 188
00008166.png 2391.832910 2391.833002 376 230 6892 286 136 180 188
00008167.png 2392.136734 2392.137024 402 226 7508 310 132 184 188
00008168.png 2392.179562 2392.179730 408 226 7008 318 132 180 188
00008169.png 2392.277189 2392.277431 422 224 6932 330 128 184 192
00008170.png 2392.361217 2392.361590 434 224 6488 342 130 184 188
00008171.png 2392.677399 2392.677611 456 218 6436 364 132 184 172
00008172.png 2392.776620 2392.776847 476 216 6136 386 130 180 172
00008173.png 2392.867802 2392.867961 474 216 6196 386 128 176 176
00008174.png 2392.954988 2392.955172 468 218 6128 382 132 172 172
00008175.png 2393.051562 2393.051756 466 218 6116 380 130 172 176
00008176.png 2393.245193 2393.245391 466 216 3144 392 138 148 156
00008177.png 2393.338371 2393.338610 458 220 5624 372 136 172 168
00008178.png 2393.582503 2393.582729 454 224 5044 370 140 168 168
00008179.png 2393.639581 2393.639777 452 222 4432 366 142 172 160
00008180.png 2393.684421 2393.684596 452 220 4820 364 142 176 156
00008181.png 2393.737716 2393.737910 448 218 5124 360 136 176 164
00008182.png 2393.930633 2393.931148 334 272 3908 260 196 148 152
00008183.png 2393.989909 2393.990071 328 274 3476 240 198 176 152
00008184.png 2394.265127 2394.265322 418 240 4736 332 160 172 160
00008185.png 2394.342220 2394.342419 410 240 4876 324 158 172 164
00008186.png 2394.420037 2394.420194 396 242 4788 312 162 168 160
00008187.png 2394.498804 2394.499035 392 240 4836 308 158 168 164
00008188.png 2394.574603 2394.574880 390 240 4932 306 158 168 164
00008189.png 2394.637040 2394.637297 388 238 5356 302 152 172 172
00008190.png 2394.731809 2394.731996 384 240 4408 302 162 164 156
00008191.png 2395.022297 2395.022455 398 230 2520 328 158 140 144
00008192.png 2395.075614 2395.075784 402 226 2732 326 156 152 140
00008193.png 2395.122457 2395.122612 392 228 5176 298 146 188 164
00008194.png 2395.346083 2395.346275 386 230 5016 292 148 188 164
00008195.png 2395.437166 2395.437531 390 228 3640 294 156 192 144
00008196.png 2395.525949 2395.526205 408 230 2648 334 158 148 144
00008197.png 2395.601288 2395.601381 426 234 1380 350 176 152 116
00008198.png 2395.671611 2395.671782 432 238 3084 350 168 164 140
00008199.png 2395.736065 2395.736260 432 242 4012 344 168 176 148
00008200.png 2395.826915 2395.827094 416 244 4568 330 168 172 152
