00004882.png 1268.768802 1268.769004 368 192 16880 236 74 264 236
00004883.png 1268.843295 1268.842718 370 194 17052 238 76 264 236
00004884.png 1269.202228 1269.202435 364 196 16352 232 74 264 244
00004885.png 1269.602395 1269.602627 364 194 15220 252 66 224 256
00004886.png 1269.773633 1269.773873 358 174 6024 264 76 188 196
00004887.png 1269.876643 1269.876829 358 188 5324 0 0 0 0
00004888.png 1270.007131 1270.007352 354 232 6348 240 134 228 196
00004889.png 1270.089165 1270.089346 348 234 6036 232 144 232 180
00004890.png 1270.178675 1270.178865 348 244 1944 246 182 204 124
00004891.png 1270.410327 1270.410531 280 272 1792 204 212 152 120
00004892.png 1270.522013 1270.522262 280 306 5844 228 228 232 140
00004893.png 1270.597847 1270.598064 318 304 1884 242 238 152 132
00004894.png 1270.813145 1270.813497 316 308 3032 228 242 176 132
00004895.png 1270.877087 1270.877314 262 310 1240 188 246 148 128
00004896.png 1270.954959 1270.955169 286 320 4056 182 254 208 132
00004897.png 1271.065974 1271.066215 304 330 2176 228 248 152 164
00004898.png 1271.148005 1271.148231 240 358 1240 178 302 124 112
00004899.png 1271.212689 1271.212971 296 374 4904 176 312 240 124
00004900.png 1271.280707 1271.280914 304 368 2100 240 300 128 136
00004901.png 1271.341810 1271.342018 324 358 1336 260 298 128 120
00004902.png 1271.560322 1271.560545 358 308 3868 246 248 224 120
00004903.png 1271.614731 1271.614937 432 318 1704 348 258 168 120
00004904.png 1271.678463 1271.678653 424 320 4584 294 256 260 128
00004905.png 1271.746234 1271.746422 410 318 2024 324 256 172 124
00004906.png 1271.833764 1271.833997 424 314 4424 292 250 264 128
00004907.png 1271.898304 1271.898652 448 312 5812 316 248 264 128
00004908.png 1271.998635 1271.999058 458 236 1440 386 174 144 124
00004909.png 1272.211014 1272.211341 476 298 3348 376 236 200 124
00004910.png 1272.288996 1272.289204 478 286 2976 380 224 196 124
00004911.png 1272.364333 1272.364547 476 296 7396 330 224 292 144
00004912.png 1272.612214 1272.612455 528 358 1976 440 300 176 116
00004913.png 1272.863801 1272.864050 526 364 1296 440 308 172 112
00004914.png 1272.959942 1272.960134 526 364 1692 438 306 176 116
00004915.png 1273.261399 1273.261185 494 364 2172 400 302 188 124
00004916.png 1273.319300 1273.319555 482 364 2120 388 304 188 120
00004917.png 1273.386447 1273.386689 476 364 2464 376 300 200 128
00004918.png 1273.595890 1273.596115 472 362 3452 372 298 200 128
00004919.png 1273.881137 1273.881391 392 262 7660 284 158 216 208
00004920.png 1273.956767 1273.956861 396 254 8556 250 164 292 180
00004921.png 1274.047503 1274.047695 344 238 1540 286 172 116 132
00004922.png 1274.270419 1274.270656 330 242 5952 182 164 296 156
00004923.png 1274.375200 1274.375402 378 252 3600 294 182 168 140
00004924.png 1274.715283 1274.715575 292 198 1496 228 134 128 128
00004925.png 1274.765801 1274.766000 232 212 7268 132 130 200 164
00004926.png 1275.038025 1275.038622 232 254 1960 172 170 120 168
00004927.png 1275.100781 1275.100886 210 274 3160 138 196 144 156
00004928.png 1275.163509 1275.163601 242 270 4380 162 184 160 172
00004929.png 1275.226201 1275.226436 272 294 1328 182 234 180 120
00004930.png 1275.533932 1275.534121 428 378 1888 330 314 196 128
00004931.png 1275.767695 1275.767887 428 378 4808 340 288 176 180
00004932.png 1276.023218 1276.023427 376 250 3780 308 158 136 184
00004933.png 1276.069154 1276.069365 368 228 4744 278 140 180 176
00004934.png 1276.105727 1276.105826 368 224 5668 292 118 152 212
00004935.png 1276.361938 1276.362029 380 218 2572 314 138 132 160
00004936.png 1276.625611 1276.625804 288 228 1388 200 164 176 128
00004937.png 1276.674056 1276.674251 358 272 3136 240 200 236 144
00004938.png 1277.007971 1277.008153 342 270 1660 272 208 140 124
00004939.png 1277.093848 1277.094095 376 244 2536 284 170 184 148
00004940.png 1277.183192 1277.183411 378 272 3784 256 200 244 144
00004941.png 1277.271264 1277.271507 412 256 1400 340 198 144 116
00004942.png 1277.342213 1277.342470 430 254 3564 328 186 204 136
00004943.png 1277.445212 1277.445393 408 252 1372 338 196 140 112
00004944.png 1277.518097 1277.518277 434 304 1460 348 248 172 112
00004945.png 1277.820520 1277.820692 472 330 1512 390 274 164 112
00004946.png 1277.965673 1277.966710 444 298 7344 306 218 276 160
00004947.png 1278.036660 1278.036924 440 274 4324 332 212 216 124
00004948.png 1278.132781 1278.132955 424 244 3620 320 172 208 144
00004949.png 1278.208388 1278.208611 404 228 5376 280 158 248 140
00004950.png 1278.446471 1278.446701 426 240 13640 286 154 280 172
00004951.png 1278.559288 1278.559497 442 258 14740 296 160 292 196
00004952.png 1278.681541 1278.681766 398 278 1580 324 222 148 112
00004953.png 1278.818944 1278.819131 400 276 23292 252 152 296 248
00004954.png 1279.039908 1279.040085 402 270 7052 300 186 204 168
00004955.png 1279.390615 1279.390789 398 262 20996 254 138 276 240
00004956.png 1279.457157 1279.457332 336 192 4852 204 102 264 180
00004957.png 1279.607467 1279.607712 314 188 4340 182 114 264 148
00004958.png 1279.725502 1279.725738 326 190 2724 246 128 160 124
00004959.png 1279.963154 1279.963353 304 162 2064 234 92 140 140
00004960.png 1280.088073 1280.088230 312 152 3912 244 56 136 192
00004961.png 1280.249725 1280.249908 328 150 1396 270 84 116 132
00004962.png 1280.435390 1280.435665 318 168 2456 250 88 136 160
00004963.png 1280.624091 1280.624291 318 168 1496 256 100 124 136
00004964.png 1280.711077 1280.711290 302 180 4500 214 90 176 180
00004965.png 1280.806933 1280.807094 290 184 3788 210 102 160 164
00004966.png 1281.051485 1281.051674 318 202 8732 224 110 188 184
00004967.png 1281.132670 1281.132813 340 210 9652 234 118 212 184
00004968.png 1281.486931 1281.487172 356 218 7868 260 126 192 184
00004969.png 1281.741270 1281.741509 394 230 10300 288 134 212 192
00004970.png 1281.809562 1281.809793 402 230 9104 300 140 204 180
00004971.png 1282.095104 1282.095358 412 226 3012 310 142 204 168
00004972.png 1282.193062 1282.193243 418 222 8724 314 130 208 184
00004973.png 1282.572378 1282.572636 416 230 4204 316 160 200 140
00004974.png 1282.652603 1282.652800 414 230 7592 318 144 192 172
00004975.png 1283.093320 1283.093515 408 226 5624 314 148 188 156
00004976.png 1283.189700 1283.189221 364 188 1216 310 122 108 132
00004977.png 1283.444225 1283.444470 352 180 4992 260 70 184 220
00004978.png 1284.024887 1284.025017 378 204 2432 298 134 160 140
00004979.png 1284.061115 1284.061253 384 206 2544 310 134 148 144
00004980.png 1284.349994 1284.350198 392 208 2060 326 136 132 144
00004981.png 1284.549097 1284.549264 368 238 7140 272 154 192 168
00004982.png 1284.599704 1284.599876 360 254 5564 270 174 180 160
00004983.png 1284.826677 1284.826863 334 272 5188 238 194 192 156
00004984.png 1284.973745 1284.973998 310 268 2180 242 198 136 140
00004985.png 1285.051127 1285.051334 384 196 3216 294 144 180 104
00004986.png 1285.115427 1285.115521 464 120 2164 374 68 180 104
00004987.png 1285.168817 1285.168935 388 202 1436 416 60 124 120
00004988.png 1285.421481 1285.421631 266 282 1932 320 138 136 128
00004989.png 1285.475178 1285.475395 344 206 4016 254 150 180 112
00004990.png 1285.527867 1285.528086 348 206 2052 278 120 140 172
00004991.png 1285.582592 1285.582789 476 128 4272 388 68 176 120
00004992.png 1285.629847 1285.630055 476 128 1388 404 78 144 100
00004993.png 1285.682282 1285.682527 464 132 1256 410 60 108 144
00004994.png 1285.754131 1285.754350 364 212 1520 308 138 112 148
00004995.png 1286.038310 1286.038555 226 282 2856 160 202 132 160
00004996.png 1286.087633 1286.087717 220 288 2984 150 208 140 160
00004997.png 1286.332707 1286.332823 176 314 2780 104 242 144 144
00004998.png 1286.606925 1286.607054 162 334 2436 90 266 144 136
00004999.png 1286.723368 1286.723561 168 340 2868 88 274 160 132
00005000.png 1286.959471 1286.959649 300 372 6172 198 322 204 100
00005001.png 1287.035924 1287.036104 350 362 4580 248 292 204 140
00005002.png 1287.324887 1287.325110 228 324 1516 150 256 156 136
00005003.png 1287.408112 1287.408336 224 328 9716 104 238 240 180
00005004.png 1287.473751 1287.473919 274 320 1840 190 252 168 136
00005005.png 1287.752312 1287.752642 262 248 5504 182 140 160 216
00005006.png 1287.839643 1287.839840 268 238 4392 190 152 156 172
00005007.png 1287.917713 1287.917988 272 218 4572 188 118 168 200
00005008.png 1287.998190 1287.998498 286 190 5736 194 96 184 188
00005009.png 1288.228026 1288.228223 308 174 1736 242 106 132 136
00005010.png 1288.305280 1288.305574 316 168 2956 244 94 144 148
00005011.png 1288.378085 1288.378328 360 188 2184 284 108 152 160
00005012.png 1288.498996 1288.499284 374 202 1788 288 134 172 136
00005013.png 1288.587945 1288.588135 366 216 2440 268 160 196 112
00005014.png 1288.679998 1288.680226 386 224 2600 298 154 176 140
00005015.png 1288.902542 1288.902726 332 266 2196 246 210 172 112
00005016.png 1288.989214 1288.989406 332 274 1836 254 218 156 112
00005017.png 1289.089779 1289.090004 318 272 1692 246 214 144 116
00005018.png 1289.249326 1289.249534 264 194 1560 190 142 148 104
00005019.png 1289.333742 1289.334005 252 188 2472 152 114 200 148
00005020.png 1289.552250 1289.552466 298 272 1620 232 200 132 144
00005021.png 1289.898981 1289.899209 242 264 1584 172 186 140 156
00005022.png 1289.973299 1289.973496 216 264 7688 104 188 224 152
00005023.png 1290.164671 1290.164916 224 256 1692 160 194 128 124
00005024.png 1290.216197 1290.216423 252 266 18032 124 156 256 220
00005025.png 1290.278045 1290.278273 244 272 16840 114 156 260 232
00005026.png 1290.488577 1290.488758 222 276 16628 94 164 256 224
00005027.png 1290.584328 1290.584537 226 276 16580 102 136 248 280
00005028.png 1290.650724 1290.650898 228 278 11656 130 160 196 236
00005029.png 1290.704032 1290.704237 244 256 7436 152 152 184 208
00005030.png 1290.921157 1290.921383 240 216 3964 164 136 152 160
00005031.png 1290.991487 1290.991656 232 214 4052 156 132 152 164
00005032.png 1291.065575 1291.065818 228 214 3500 150 132 156 164
00005033.png 1291.305515 1291.305734 182 236 6876 48 142 268 188
00005034.png 1291.361403 1291.361608 174 240 5912 56 162 236 156
00005035.png 1291.598167 1291.598386 186 242 3668 106 170 160 144
00005036.png 1291.661505 1291.661757 194 242 2852 98 176 192 132
00005037.png 1291.973480 1291.973660 214 272 3448 124 202 180 140
00005038.png 1292.025227 1292.025429 226 270 2964 136 192 180 156
00005039.png 1292.075428 1292.075641 234 256 3104 146 190 176 132
00005040.png 1292.354714 1292.354939 222 256 2656 124 192 196 128
00005041.png 1292.463110 1292.463296 206 276 3440 112 208 188 136
00005042.png 1292.567480 1292.567655 168 286 6140 86 194 164 184
00005043.png 1292.643169 1292.643380 152 280 3040 84 192 136 176
00005044.png 1292.733690 1292.733889 150 276 4632 78 170 144 212
00005045.png 1292.817953 1292.818221 154 282 4124 72 182 176 184
00005046.png 1292.902707 1292.902926 160 274 6040 0 0 0 0
00005047.png 1292.995811 1292.995922 196 258 2380 126 184 140 148
00005048.png 1293.137753 1293.137720 208 268 2320 128 198 160 140
00005049.png 1293.237971 1293.236317 230 274 1408 164 216 132 116
00005050.png 1293.549008 1293.549182 328 262 1332 266 202 124 120
00005051.png 1293.924315 1293.924532 342 296 3968 244 230 196 132
00005052.png 1294.532371 1294.532581 388 304 3068 296 242 184 124
00005053.png 1294.593121 1294.593550 396 296 8664 270 188 252 216
00005054.png 1294.838735 1294.838912 368 308 9472 244 192 248 232
00005055.png 1294.967767 1294.967972 378 298 11308 266 170 224 256
00005056.png 1295.076442 1295.076577 402 270 11716 308 134 188 272
00005057.png 1295.307248 1295.307470 422 234 11292 342 98 160 272
00005058.png 1295.592406 1295.592601 424 216 10056 328 84 192 264
00005059.png 1295.687687 1295.687847 420 204 9424 324 72 192 264
00005060.png 1295.769702 1295.769927 416 200 8800 322 68 188 264
00005061.png 1295.821651 1295.821864 404 190 7520 310 70 188 240
00005062.png 1295.878177 1295.878386 400 188 7604 306 66 188 244
00005063.png 1295.937622 1295.937842 396 190 6872 304 74 184 232
00005064.png 1296.210714 1296.210838 386 188 7776 292 74 188 228
00005065.png 1296.296016 1296.296141 388 196 8780 294 80 188 232
00005066.png 1296.364392 1296.364557 386 196 7016 292 92 188 208
00005067.png 1296.435223 1296.435353 380 200 8840 286 82 188 236
00005068.png 1296.487418 1296.487582 380 204 7996 290 92 180 224
00005069.png 1296.542489 1296.542729 378 206 8552 286 98 184 216
00005070.png 1296.611165 1296.611280 378 210 8156 292 98 172 224
00005071.png 1296.684484 1296.684635 376 216 9040 280 102 192 228
00005072.png 1296.744291 1296.744506 374 224 9964 278 104 192 240
00005073.png 1296.971813 1296.971966 372 228 9896 274 102 196 252
00005074.png 1297.057217 1297.057473 372 240 11888 280 88 184 304
00005075.png 1297.155598 1297.155767 368 280 16624 286 114 164 332
00005076.png 1297.392988 1297.393184 364 318 10064 276 156 176 322
00005077.png 1297.457303 1297.457520 364 322 9080 276 162 176 316
00005078.png 1297.715043 1297.715233 360 340 3724 288 236 144 208
00005079.png 1297.838120 1297.838367 358 344 4460 272 214 172 260
00005080.png 1298.070810 1298.070983 432 272 2828 350 218 164 108
00005081.png 1298.165901 1298.166126 428 246 2476 308 162 240 168
00005082.png 1298.519017 1298.519243 440 210 3996 342 144 196 132
00005083.png 1298.805100 1298.805274 456 204 1556 374 144 164 120
00005084.png 1298.864529 1298.864786 446 192 4796 332 120 228 144
00005085.png 1299.129404 1299.129601 526 152 4800 404 26 234 252
00005086.png 1299.212349 1299.212583 532 136 2568 448 38 168 196
00005087.png 1299.432175 1299.432407 508 164 2084 442 66 140 188
00005088.png 1299.487238 1299.487441 514 144 2280 0 0 0 0
00005089.png 1299.788570 1299.788818 500 164 7084 408 44 184 240
00005090.png 1300.071069 1300.071222 488 194 1700 410 114 156 160
00005091.png 1300.163299 1300.163549 474 224 1928 406 108 136 232
00005092.png 1300.264170 1300.264394 466 196 7000 376 44 180 304
00005093.png 1300.364963 1300.365189 452 226 5876 388 74 128 304
00005094.png 1300.464355 1300.464508 444 218 3244 386 114 116 208
00005095.png 1300.663802 1300.663954 438 230 2172 378 142 120 176
00005096.png 1300.716729 1300.716887 432 226 3852 358 126 148 200
00005097.png 1300.958562 1300.958739 416 218 3412 330 128 172 180
00005098.png 1301.011410 1301.011659 418 210 3248 332 130 172 160
00005099.png 1301.339287 1301.339525 390 252 5888 288 172 204 160
00005100.png 1301.624085 1301.624301 390 266 8228 262 176 256 180
00005101.png 1301.711851 1301.712070 296 302 1632 228 236 136 132
00005102.png 1301.968977 1301.969187 432 280 8752 290 198 284 164
00005103.png 1302.128242 1302.128522 538 122 2208 450 74 176 96
00005104.png 1302.228892 1302.229133 544 34 2596 452 0 184 86
00005105.png 1302.326486 1302.326705 512 120 8720 380 36 258 168
00005106.png 1302.418277 1302.418484 484 206 5480 374 126 220 160
00005107.png 1302.682414 1302.682427 374 326 8684 244 218 260 216
00005108.png 1302.980624 1302.980880 248 358 2772 166 296 164 124
00005109.png 1303.083416 1303.083609 316 286 1932 256 208 120 156
00005110.png 1303.276734 1303.276964 300 290 5084 230 174 140 232
00005111.png 1303.623246 1303.623499 406 236 8916 322 156 144 172
00005112.png 1303.724969 1303.725199 454 182 4068 386 110 136 144
00005113.png 1303.826112 1303.826331 510 134 3424 428 64 164 140
00005114.png 1304.070505 1304.070618 582 100 3508 520 32 118 136
00005115.png 1304.178207 1304.178283 600 70 4552 536 18 102 104
00005116.png 1304.444419 1304.444746 614 22 1880 570 0 68 66
00005117.png 1304.548148 1304.548376 608 24 1872 550 0 88 66
00005118.png 1304.914409 1304.914580 582 66 20108 482 0 156 172
00005119.png 1304.978597 1304.978817 550 142 19236 416 0 222 286
00005120.png 1305.210334 1305.210587 454 214 16368 334 82 240 264
00005121.png 1305.321920 1305.322127 418 230 16036 306 98 224 264
00005122.png 1305.450746 1305.450940 398 238 15756 288 108 220 260
00005123.png 1305.560855 1305.561180 368 264 14752 256 134 224 260
00005124.png 1305.661484 1305.661702 356 260 11596 258 140 196 240
00005125.png 1305.776653 1305.776883 346 250 8684 252 128 188 260
00005126.png 1306.011896 1306.012074 332 252 11584 252 130 188 240
00005127.png 1306.103401 1306.103654 322 234 5992 234 132 176 204
00005128.png 1306.182732 1306.182841 322 246 8980 230 122 184 248
00005129.png 1306.528539 1306.528761 340 222 1484 276 156 128 132
00005130.png 1306.607485 1306.607700 358 204 16384 256 66 204 276
00005131.png 1306.643646 1306.643860 374 182 17716 268 40 212 284
00005132.png 1306.854380 1306.854551 390 236 6444 304 134 172 204
00005133.png 1306.937844 1306.938045 386 242 6072 302 142 168 200
00005134.png 1307.015912 1307.016128 384 242 5104 306 148 156 188
00005135.png 1307.077208 1307.077490 386 230 7464 310 110 152 240
00005136.png 1307.154053 1307.154242 396 214 6176 320 94 152 240
00005137.png 1307.251033 1307.251250 400 228 6136 312 138 176 180
00005138.png 1307.313074 1307.313279 404 226 5324 322 140 164 172
00005139.png 1307.650996 1307.651234 404 238 6948 326 138 156 200
00005140.png 1307.757565 1307.757839 424 232 8656 340 110 168 244
00005141.png 1307.859764 1307.859985 436 238 8196 352 124 168 228
00005142.png 1308.068726 1308.068907 440 226 6876 350 132 180 188
00005143.png 1308.182412 1308.182629 442 238 13676 348 120 188 248
00005144.png 1308.291483 1308.291694 444 242 7836 346 136 196 212
00005145.png 1308.392314 1308.392604 442 232 11848 332 116 220 232
00005146.png 1308.529850 1308.530038 452 250 22824 308 116 288 268
