00005724.png 1047.881983 1047.882249 384 234 3096 308 160 152 148
00005725.png 1047.966060 1047.966349 380 234 3816 302 154 156 160
00005726.png 1048.192680 1048.192863 378 230 3992 304 132 148 196
00005727.png 1048.283900 1048.284085 380 230 3104 304 154 152 152
00005728.png 1048.357628 1048.357765 384 238 4784 306 142 156 192
00005729.png 1048.551689 1048.551893 382 240 3480 306 154 152 172
00005730.png 1048.599821 1048.600011 382 242 3088 304 164 156 156
00005731.png 1048.658095 1048.658268 380 244 4416 302 156 156 176
00005732.png 1048.731022 1048.731222 374 236 5252 296 132 156 208
00005733.png 1048.798275 1048.798447 372 238 3744 294 150 156 176
00005734.png 1048.863839 1048.864028 372 238 3984 294 158 156 160
00005735.png 1048.949871 1048.950067 372 232 2808 308 150 128 164
00005736.png 1049.020689 1049.020833 366 238 3248 294 150 144 176
00005737.png 1049.082933 1049.083163 364 228 4400 296 132 136 192
00005738.png 1049.159056 1049.159268 366 214 4368 296 122 140 184
00005739.png 1049.223423 1049.223614 362 222 2504 288 150 148 144
00005740.png 1049.285394 1049.285626 354 230 3812 268 158 172 144
00005741.png 1049.352438 1049.352705 348 234 6160 250 142 196 184
00005742.png 1049.406693 1049.406856 346 236 1644 278 174 136 124
00005743.png 1049.456586 1049.456776 348 234 6300 240 146 216 176
00005744.png 1049.527647 1049.527948 336 238 3740 250 172 172 132
00005745.png 1049.614370 1049.614564 332 240 5592 222 156 220 168
00005746.png 1049.691941 1049.692095 336 236 5756 224 156 224 160
00005747.png 1049.766440 1049.766829 336 236 5836 220 154 232 164
00005748.png 1049.867607 1049.867810 342 236 3080 262 160 160 152
00005749.png 1050.004964 1050.005190 350 234 2808 272 160 156 148
00005750.png 1050.104334 1050.104506 346 238 6240 230 162 232 152
00005751.png 1050.197320 1050.197476 326 246 3720 232 172 188 148
00005752.png 1050.264510 1050.264715 324 246 5448 208 170 232 152
00005753.png 1050.325091 1050.325259 324 246 5372 222 170 204 152
00005754.png 1050.372902 1050.373084 322 246 4644 228 170 188 152
00005755.png 1050.434698 1050.434915 316 248 5660 212 172 208 152
00005756.png 1050.492926 1050.493108 320 248 5564 218 172 204 152
00005757.png 1050.537062 1050.537292 320 248 5388 218 172 204 152
00005758.png 1050.774217 1050.774406 332 254 6824 212 180 240 148
00005759.png 1050.839781 1050.840001 330 254 7196 210 178 240 152
00005760.png 1050.899110 1050.899320 322 254 1316 266 190 112 128
00005761.png 1051.136917 1051.137123 344 256 7216 222 178 244 156
00005762.png 1051.225470 1051.225598 328 262 7496 206 186 244 152
00005763.png 1051.295506 1051.295738 336 260 6892 212 182 248 156
00005764.png 1051.390854 1051.391029 330 264 3156 240 188 180 152
00005765.png 1051.513139 1051.513412 356 266 4588 226 188 260 156
00005766.png 1051.620224 1051.620456 354 274 1612 282 206 144 136
00005767.png 1051.877458 1051.877671 366 272 3192 258 196 216 152
00005768.png 1051.947602 1051.947821 378 282 1628 308 208 140 148
00005769.png 1052.232549 1052.232792 194 270 6920 98 174 192 192
00005770.png 1052.376167 1052.376343 412 278 1828 350 212 124 132
00005771.png 1052.741671 1052.741855 306 268 4768 348 154 204 176
00005772.png 1052.835746 1052.835934 320 254 4072 380 152 156 184
00005773.png 1053.153581 1053.153762 492 232 8400 378 140 228 184
00005774.png 1053.217491 1053.217618 510 218 6240 402 126 216 184
00005775.png 1053.378242 1053.378460 420 212 2792 348 152 144 120
00005776.png 1053.482220 1053.482385 454 200 2416 388 138 132 124
00005777.png 1053.740598 1053.740806 316 212 6772 216 102 200 220
00005778.png 1053.829201 1053.829388 258 238 1320 188 180 140 116
00005779.png 1054.153483 1054.153715 238 244 8084 132 132 212 224
00005780.png 1054.225829 1054.226073 136 292 1380 78 226 116 132
00005781.png 1054.320911 1054.321199 378 286 2272 310 212 136 148
00005782.png 1054.421681 1054.421922 478 226 3292 400 162 156 128
00005783.png 1054.520593 1054.520710 100 250 7404 0 140 202 220
00005784.png 1054.753226 1054.753502 304 254 1956 232 190 144 128
00005785.png 1055.034530 1055.034698 288 244 1216 232 188 112 112
00005786.png 1055.091454 1055.091570 396 234 2124 310 172 172 124
00005787.png 1055.213178 1055.213268 516 222 1624 440 162 152 120
00005788.png 1055.269203 1055.269480 372 218 6456 278 104 188 228
00005789.png 1055.324023 1055.324122 254 224 1220 186 166 136 116
00005790.png 1055.566579 1055.566772 252 256 1392 184 198 136 116
00005791.png 1055.625620 1055.625880 356 290 1276 286 232 140 116
00005792.png 1055.950581 1055.950797 360 290 7224 252 180 216 220
00005793.png 1056.046593 1056.046789 358 254 3352 264 184 188 140
00005794.png 1056.106390 1056.106645 364 206 1592 298 144 132 124
00005795.png 1056.217312 1056.217613 396 214 2444 318 144 156 140
00005796.png 1056.278913 1056.279098 312 290 2012 246 212 132 156
00005797.png 1056.506704 1056.506914 310 296 1204 240 226 140 140
00005798.png 1056.567241 1056.567476 290 280 4484 204 174 172 212
00005799.png 1056.859028 1056.859273 380 220 1864 318 150 124 140
00005800.png 1056.920314 1056.920538 322 242 4748 228 140 188 204
00005801.png 1057.005907 1057.006118 420 268 2536 348 192 144 152
00005802.png 1057.069575 1057.069796 412 276 1732 344 210 136 132
00005803.png 1057.299900 1057.300086 408 254 2100 338 164 140 180
00005804.png 1057.535211 1057.535404 530 122 1964 460 56 140 132
00005805.png 1057.836034 1057.836228 488 158 3676 0 0 0 0
00005806.png 1058.103211 1058.103434 436 140 2736 346 76 180 128
00005807.png 1058.160547 1058.160723 436 138 1316 376 74 120 128
00005808.png 1058.233500 1058.233812 432 126 2840 356 56 152 140
00005809.png 1058.514394 1058.514586 384 166 2888 306 90 156 152
00005810.png 1058.583206 1058.583365 378 182 2616 302 114 152 136
00005811.png 1058.691492 1058.691660 364 186 3552 290 110 148 152
00005812.png 1058.760285 1058.760504 356 182 4196 272 104 168 156
00005813.png 1058.827654 1058.827815 348 190 3160 274 118 148 144
00005814.png 1058.896352 1058.896573 346 198 3840 262 124 168 148
00005815.png 1058.985563 1058.985774 340 208 3748 254 130 172 156
00005816.png 1059.045777 1059.046010 336 218 4272 246 134 180 168
00005817.png 1059.118511 1059.118716 330 214 1700 264 148 132 132
00005818.png 1059.188688 1059.188818 322 222 3812 228 142 188 160
00005819.png 1059.466406 1059.466632 312 240 2784 234 172 156 136
00005820.png 1059.553174 1059.553387 280 242 3780 192 150 176 184
00005821.png 1059.802772 1059.802970 286 244 1824 212 178 148 132
00005822.png 1059.966609 1059.966809 266 208 6712 184 116 164 184
00005823.png 1060.213091 1060.213349 280 226 2892 206 138 148 176
00005824.png 1060.276016 1060.276210 316 264 3872 244 170 144 188
00005825.png 1060.382804 1060.383026 326 262 3796 254 160 144 204
00005826.png 1060.609162 1060.609412 330 264 4120 258 164 144 200
00005827.png 1060.675491 1060.675638 428 190 1572 384 136 88 108
00005828.png 1060.742732 1060.742948 464 194 2960 394 120 140 148
00005829.png 1060.802747 1060.802933 392 274 3868 316 190 152 168
00005830.png 1060.843605 1060.843818 406 276 3160 332 196 148 160
00005831.png 1061.087287 1061.087508 434 284 4472 346 208 176 152
00005832.png 1061.141384 1061.141615 440 284 5520 346 208 188 152
00005833.png 1061.195823 1061.196119 444 284 4612 348 210 192 148
00005834.png 1061.437606 1061.437743 502 210 1780 460 146 84 128
00005835.png 1061.531745 1061.531957 498 214 2232 418 152 160 124
00005836.png 1061.594328 1061.594609 500 208 5448 402 134 196 148
00005837.png 1061.873926 1061.874142 510 204 5280 410 132 200 144
00005838.png 1061.983875 1061.984078 452 286 3560 366 220 172 132
00005839.png 1062.029190 1062.029444 432 286 3968 0 0 0 0
00005840.png 1062.281357 1062.281515 426 286 4172 356 218 172 136
00005841.png 1062.357103 1062.357327 392 290 4340 298 206 188 168
00005842.png 1062.652056 1062.652202 360 220 3840 260 150 200 140
00005843.png 1063.034938 1063.035120 454 54 4444 378 0 152 118
00005844.png 1063.117814 1063.117993 422 224 3760 330 158 184 132
00005845.png 1063.201569 1063.201820 326 286 27624 200 76 252 402
00005846.png 1063.289580 1063.289794 340 296 4384 246 228 188 136
00005847.png 1063.389067 1063.389485 344 246 3760 274 158 140 176
00005848.png 1063.465486 1063.465741 326 194 6548 214 120 224 148
00005849.png 1063.642222 1063.642408 332 200 4668 254 110 156 180
00005850.png 1063.946026 1063.946266 398 234 3004 322 142 152 184
00005851.png 1064.056155 1064.056378 444 258 5820 328 178 232 160
00005852.png 1064.164453 1064.164705 452 278 2292 382 212 140 132
00005853.png 1064.415724 1064.415928 390 264 3444 310 206 160 116
00005854.png 1064.489422 1064.489613 368 340 1348 298 282 140 116
00005855.png 1064.587653 1064.587890 372 354 1236 308 300 132 124
00005856.png 1064.808582 1064.808807 374 362 1300 304 288 140 132
00005857.png 1064.858400 1064.858479 444 262 4312 368 196 152 132
00005858.png 1064.927990 1064.928193 444 260 1704 372 200 144 120
00005859.png 1065.155619 1065.155733 446 152 4108 350 94 192 116
00005860.png 1065.223571 1065.223753 372 236 1568 304 176 136 120
00005861.png 1065.290728 1065.290936 374 234 1356 310 174 128 120
00005862.png 1065.351120 1065.351399 368 326 1240 298 266 140 120
00005863.png 1065.424482 1065.424727 366 318 1428 298 244 136 148
00005864.png 1065.481262 1065.481504 364 314 2084 294 248 140 132
00005865.png 1065.731966 1065.732233 362 312 1380 300 248 124 128
00005866.png 1065.787933 1065.788170 358 314 1868 288 244 140 140
00005867.png 1066.042483 1066.042618 336 316 1308 270 258 132 116
00005868.png 1066.095928 1066.096031 332 314 1324 264 258 136 112
00005869.png 1066.181961 1066.182138 330 310 2488 250 236 160 148
00005870.png 1066.528667 1066.528900 334 328 1900 262 270 144 116
00005871.png 1066.593959 1066.594173 336 326 2308 264 260 144 132
00005872.png 1066.664633 1066.664855 342 332 2356 272 262 140 140
00005873.png 1066.943052 1066.943295 344 326 2532 270 256 148 140
00005874.png 1066.999678 1066.999853 350 316 2048 284 246 132 140
00005875.png 1067.101585 1067.101869 366 298 2012 298 230 136 136
00005876.png 1067.171896 1067.172135 366 296 1996 296 232 140 128
00005877.png 1067.234555 1067.234801 378 310 1796 316 242 124 136
00005878.png 1067.289869 1067.290085 380 304 2016 310 238 140 132
00005879.png 1067.349678 1067.349900 382 298 2304 310 232 144 132
00005880.png 1067.407413 1067.407722 376 276 2320 308 210 136 132
00005881.png 1067.490919 1067.491240 380 270 2280 308 206 144 128
00005882.png 1067.546352 1067.546561 382 268 2096 310 204 144 128
00005883.png 1067.757693 1067.757965 384 260 1404 316 174 136 172
00005884.png 1067.810874 1067.811078 368 306 1348 288 244 160 124
00005885.png 1067.903391 1067.903681 376 332 3728 260 260 232 144
00005886.png 1068.140971 1068.141186 438 330 2112 368 258 140 144
00005887.png 1068.425137 1068.425324 396 272 1548 326 216 140 112
00005888.png 1068.475362 1068.475595 396 272 1572 330 194 132 156
00005889.png 1068.536087 1068.536338 396 272 1328 328 202 136 140
00005890.png 1068.586751 1068.586981 394 272 1216 322 216 144 112
00005891.png 1068.635975 1068.636215 400 290 1348 328 232 144 116
00005892.png 1068.696380 1068.696612 406 316 1672 332 256 148 120
00005893.png 1068.747525 1068.748048 408 318 1500 334 262 148 112
00005894.png 1068.830068 1068.830288 406 318 1216 332 262 148 112
00005895.png 1069.166276 1069.166524 394 318 1380 326 258 136 120
00005896.png 1069.691218 1069.691416 378 296 1524 310 204 136 184
00005897.png 1069.740067 1069.740297 362 282 2160 300 208 124 148
00005898.png 1069.810358 1069.810608 354 266 2328 292 190 124 152
00005899.png 1069.908843 1069.909047 352 272 2072 294 196 116 152
00005900.png 1070.009137 1070.009343 354 270 2060 292 196 124 148
00005901.png 1070.073366 1070.073610 354 270 2072 292 196 124 148
00005902.png 1070.159577 1070.159802 356 266 1412 290 182 132 168
00005903.png 1070.390627 1070.390881 380 324 1828 310 262 140 124
00005904.png 1070.482268 1070.482428 384 328 1868 310 254 148 148
00005905.png 1070.813514 1070.813737 386 302 1676 322 218 128 168
00005906.png 1070.861955 1070.862182 388 300 1216 322 234 132 132
00005907.png 1070.926016 1070.926218 398 324 1240 334 264 128 120
00005908.png 1071.090851 1071.091032 402 320 1276 338 258 128 124
00005909.png 1071.137186 1071.137335 406 316 1740 338 252 136 128
00005910.png 1071.387474 1071.387712 434 312 1312 370 250 128 124
00005911.png 1071.467671 1071.467743 436 312 1380 372 250 128 124
00005912.png 1071.539327 1071.539549 442 314 1408 376 248 132 132
00005913.png 1071.593528 1071.593748 444 316 1276 378 248 132 136
00005914.png 1071.671514 1071.671748 446 316 1284 380 246 132 140
00005915.png 1071.711205 1071.711366 438 300 1608 366 214 144 172
00005916.png 1071.927569 1071.927761 442 302 1524 376 228 132 148
00005917.png 1072.064093 1072.064296 452 320 1448 390 246 124 148
00005918.png 1072.318806 1072.319025 428 314 1380 364 246 128 136
00005919.png 1072.578260 1072.578536 402 300 1512 332 244 140 112
00005920.png 1072.678583 1072.679019 394 298 1300 332 236 124 124
00005921.png 1072.770252 1072.770383 392 316 1912 332 242 120 148
00005922.png 1072.813225 1072.813367 390 310 1592 326 248 128 124
00005923.png 1072.857598 1072.857711 386 312 1376 322 248 128 128
00005924.png 1072.905861 1072.906095 380 306 1464 314 242 132 128
00005925.png 1072.955197 1072.955420 374 306 1812 306 242 136 128
00005926.png 1073.016623 1073.016808 372 308 2248 304 238 136 140
00005927.png 1073.255568 1073.255761 368 302 1228 306 242 124 120
00005928.png 1073.349892 1073.350129 366 298 2152 296 234 140 128
00005929.png 1073.443756 1073.443968 368 300 2168 292 228 152 144
00005930.png 1073.514508 1073.514676 372 302 1288 308 242 128 120
00005931.png 1073.590645 1073.590874 378 300 1252 314 242 128 116
00005932.png 1073.680842 1073.681043 398 302 3576 310 216 176 172
00005933.png 1073.763855 1073.764381 412 308 2616 326 232 172 152
00005934.png 1074.054457 1074.054635 396 262 2200 332 192 128 140
00005935.png 1074.376253 1074.376493 446 278 1300 386 214 120 128
00005936.png 1074.491858 1074.492079 434 254 1364 372 194 124 120
00005937.png 1074.673151 1074.673389 454 270 2404 386 192 136 156
00005938.png 1074.956024 1074.956246 468 254 1300 408 192 120 124
00005939.png 1075.053596 1075.053713 470 256 1316 410 196 120 120
00005940.png 1075.151040 1075.151152 470 256 1272 398 184 144 144
00005941.png 1075.224606 1075.224694 476 272 1448 406 204 140 136
00005942.png 1075.308241 1075.308353 476 280 6412 374 200 204 160
00005943.png 1075.387199 1075.387286 470 296 2028 400 228 140 136
00005944.png 1075.475844 1075.476059 462 292 2268 388 224 148 136
00005945.png 1075.551077 1075.551313 458 284 3260 378 212 160 144
00005946.png 1075.608176 1075.608375 448 280 3708 366 206 164 148
00005947.png 1075.654673 1075.654852 436 274 3948 350 198 172 152
00005948.png 1075.742899 1075.743069 428 274 3716 350 200 156 148
00005949.png 1075.799675 1075.799846 426 280 3020 354 198 144 164
00005950.png 1075.856715 1075.856923 418 276 5500 318 196 200 160
00005951.png 1075.905541 1075.905756 408 272 7448 314 176 188 192
00005952.png 1075.966247 1075.966451 398 270 7756 306 178 184 184
00005953.png 1076.023000 1076.023155 394 262 2260 322 184 144 156
00005954.png 1076.070445 1076.070708 392 250 5980 300 156 184 188
00005955.png 1076.130077 1076.130304 394 262 1284 334 198 120 128
00005956.png 1076.177856 1076.178143 394 260 4376 314 178 160 164
00005957.png 1076.230071 1076.230291 392 252 4756 306 170 172 164
00005958.png 1076.269918 1076.270166 386 218 4980 296 126 180 184
00005959.png 1076.324115 1076.324262 380 212 5012 292 132 176 160
00005960.png 1076.367638 1076.367824 376 204 4936 286 122 180 164
00005961.png 1076.418397 1076.418592 372 202 6216 284 108 176 188
00005962.png 1076.466452 1076.466651 370 198 7652 262 94 216 208
00005963.png 1076.515293 1076.515545 364 190 8376 270 94 188 192
00005964.png 1076.563511 1076.563698 362 180 6936 262 92 200 176
00005965.png 1076.618895 1076.619189 364 174 5744 270 92 188 164
00005966.png 1076.668422 1076.668644 364 162 6516 270 64 188 196
00005967.png 1076.731405 1076.731629 364 154 6076 262 72 204 164
00005968.png 1076.794190 1076.794400 364 152 5760 272 60 184 184
00005969.png 1076.850514 1076.850681 364 138 5596 274 48 180 180
00005970.png 1076.898438 1076.898694 364 134 5644 272 44 184 180
00005971.png 1076.960678 1076.960857 362 126 6000 266 40 192 172
00005972.png 1077.009956 1077.010121 358 112 4900 268 28 180 168
00005973.png 1077.062113 1077.062482 362 110 6668 266 22 192 176
00005974.png 1077.120737 1077.120937 366 106 4856 272 24 188 164
00005975.png 1077.172210 1077.172434 362 102 5916 268 20 188 164
00005976.png 1077.408820 1077.409049 334 70 3700 234 0 200 146
00005977.png 1077.657905 1077.658139 356 92 5600 258 10 196 164
00005978.png 1077.731040 1077.731363 344 110 7324 240 10 208 200
00005979.png 1077.785196 1077.785415 328 124 5164 238 28 180 192
00005980.png 1077.991934 1077.992215 304 160 6588 214 68 180 184
00005981.png 1078.041753 1078.041984 292 172 2036 222 106 140 132
00005982.png 1078.099649 1078.099841 290 182 2388 220 112 140 140
00005983.png 1078.145928 1078.146163 266 192 2224 178 130 176 124
00005984.png 1078.191882 1078.192062 262 196 2228 178 130 168 132
00005985.png 1078.447318 1078.447560 252 270 5344 154 192 196 156
00005986.png 1078.497983 1078.498162 266 272 3056 184 196 164 152
00005987.png 1078.747207 1078.747371 280 206 3168 198 134 164 144
00005988.png 1078.837406 1078.837571 282 206 3012 202 134 160 144
00005989.png 1078.892390 1078.892600 292 202 3704 208 128 168 148
00005990.png 1078.948868 1078.949019 296 202 4540 210 124 172 156
00005991.png 1079.221815 1079.222059 308 200 4784 218 118 180 164
00005992.png 1079.288180 1079.288344 324 202 5416 232 116 184 172
00005993.png 1079.367095 1079.367337 328 204 4048 238 118 180 172
00005994.png 1079.431688 1079.431917 346 204 5968 254 108 184 192
00005995.png 1079.515562 1079.515736 366 218 8336 270 88 192 260
00005996.png 1079.564707 1079.564856 370 216 4172 294 130 152 172
00005997.png 1079.873534 1079.873750 380 210 2260 308 146 144 128
00005998.png 1079.931668 1079.931832 382 216 4468 310 114 144 204
00005999.png 1079.977349 1079.977535 382 218 2960 302 138 160 160
00006000.png 1080.052778 1080.052982 386 234 3684 316 134 140 200
00006001.png 1080.103886 1080.104091 386 242 2692 316 162 140 160
00006002.png 1080.150568 1080.150854 384 238 1592 320 172 128 132
00006003.png 1080.197925 1080.198154 378 238 2420 308 156 140 164
00006004.png 1080.280364 1080.280641 372 238 1244 312 174 120 128
00006005.png 1080.322345 1080.322576 362 252 4580 288 164 148 176
00006006.png 1080.611128 1080.611334 354 266 1796 288 198 132 136
00006007.png 1080.675846 1080.676044 376 252 1744 304 178 144 148
00006008.png 1080.740101 1080.740357 366 250 1288 292 190 148 120
00006009.png 1081.005467 1081.005686 308 276 2204 234 200 148 152
00006010.png 1081.066254 1081.066412 282 302 1908 214 232 136 140
00006011.png 1081.159942 1081.160089 232 332 1348 160 268 144 128
00006012.png 1081.422659 1081.422911 196 278 6704 108 192 176 172
00006013.png 1081.476302 1081.476528 174 272 1568 96 212 156 120
00006014.png 1081.547093 1081.547298 174 242 2644 98 170 152 144
00006015.png 1081.771473 1081.771679 202 218 298532 0 0 520 456
00006016.png 1081.869034 1081.869236 250 252 1600 178 196 144 112
00006017.png 1081.933555 1081.933735 216 264 3904 142 182 148 164
00006018.png 1082.250841 1082.250947 312 298 1724 242 240 140 116
00006019.png 1082.307645 1082.307878 310 314 4340 214 240 192 148
00006020.png 1082.399018 1082.399266 294 242 4096 216 168 156 148
00006021.png 1082.689951 1082.690164 282 242 4832 204 164 156 156
00006022.png 1082.748180 1082.748431 274 252 3132 172 182 204 140
00006023.png 1082.857448 1082.857671 266 260 2916 162 186 208 148
00006024.png 1082.924861 1082.925003 264 270 3808 156 192 216 156
00006025.png 1082.984771 1082.984992 282 268 2540 190 212 184 112
00006026.png 1083.146719 1083.146927 228 234 7760 116 142 224 184
00006027.png 1083.486070 1083.486257 276 240 3400 190 158 172 164
00006028.png 1083.762099 1083.762354 286 296 2620 204 234 164 124
00006029.png 1083.860361 1083.860500 260 272 5312 162 188 196 168
00006030.png 1084.168442 1084.168683 252 278 3932 156 198 192 160
00006031.png 1084.449659 1084.450007 166 234 10812 58 76 216 316
00006032.png 1084.728602 1084.728777 152 176 4556 74 96 156 160
00006033.png 1084.825996 1084.826176 130 134 4412 42 38 176 192
00006034.png 1084.878768 1084.878964 176 180 1728 98 124 156 112
00006035.png 1085.180744 1085.180899 228 244 1544 158 182 140 124
00006036.png 1085.243573 1085.243755 224 270 5344 136 184 176 172
00006037.png 1085.337234 1085.337434 274 292 2452 198 206 152 172
00006038.png 1085.395841 1085.396028 272 300 3332 180 228 184 144
00006039.png 1085.490417 1085.490555 268 314 4364 164 238 208 152
00006040.png 1085.785635 1085.785833 240 304 2324 176 234 128 140
00006041.png 1085.872951 1085.873073 252 308 4304 152 226 200 164
00006042.png 1085.934699 1085.934803 246 304 4288 148 234 196 140
00006043.png 1086.022462 1086.022602 246 304 2184 178 236 136 136
00006044.png 1086.099186 1086.099298 228 298 2408 158 226 140 144
00006045.png 1086.162758 1086.162891 232 298 2716 160 228 144 140
00006046.png 1086.247900 1086.248048 244 298 2548 170 230 148 136
00006047.png 1086.518390 1086.518498 248 272 2360 158 190 180 164
00006048.png 1086.634832 1086.635005 274 266 2612 184 182 180 168
00006049.png 1086.703911 1086.704084 290 258 1356 228 192 124 132
00006050.png 1086.758871 1086.759049 312 254 8380 192 152 240 204
00006051.png 1086.828662 1086.828831 308 260 10900 190 152 236 216
00006052.png 1086.882599 1086.882823 322 256 10380 206 144 232 224
00006053.png 1087.149813 1087.149968 308 260 3700 216 186 184 148
00006054.png 1087.270014 1087.270307 312 266 3944 224 196 176 140
