00006383.png 1344.890172 1344.890346 384 236 3184 308 164 152 144
00006384.png 1344.943923 1344.944445 382 238 3100 306 166 152 144
00006385.png 1344.987192 1344.987444 380 240 2964 302 170 156 140
00006386.png 1345.068138 1345.068416 378 240 2936 296 170 164 140
00006387.png 1345.159164 1345.159290 374 240 2708 296 170 156 140
00006388.png 1345.345616 1345.345841 382 246 1404 320 178 124 136
00006389.png 1345.393265 1345.393460 374 246 4076 268 172 212 148
00006390.png 1345.439367 1345.439601 374 246 2572 290 178 168 136
00006391.png 1345.483482 1345.483699 354 238 3128 258 162 192 152
00006392.png 1345.531359 1345.531582 350 238 3252 258 164 184 148
00006393.png 1345.651187 1345.651309 338 238 2504 242 162 192 152
00006394.png 1345.703685 1345.703897 346 234 2016 262 166 168 136
00006395.png 1345.753956 1345.754152 350 232 1592 276 174 148 116
00006396.png 1345.845862 1345.846077 356 228 1388 282 172 148 112
00006397.png 1345.904669 1345.904851 354 228 1836 280 168 148 120
00006398.png 1345.957447 1345.957670 352 228 2016 276 166 152 124
00006399.png 1346.019824 1346.020071 352 230 2436 274 166 156 128
00006400.png 1346.071381 1346.071611 352 232 2544 266 160 172 144
00006401.png 1346.167353 1346.167614 334 248 2276 264 178 140 140
00006402.png 1346.249063 1346.249297 330 244 1280 262 190 136 108
00006403.png 1346.302131 1346.302358 326 244 1244 258 190 136 108
00006404.png 1346.474995 1346.475173 342 222 1292 274 166 136 112
00006405.png 1346.524076 1346.524238 342 222 1412 272 166 140 112
00006406.png 1346.568339 1346.568583 338 220 1272 268 164 140 112
00006407.png 1346.627973 1346.628124 338 220 1528 268 162 140 116
00006408.png 1346.703328 1346.703539 338 218 1420 268 162 140 112
00006409.png 1346.925661 1346.925864 336 248 6300 236 166 200 164
00006410.png 1346.988629 1346.988811 348 252 1244 284 194 128 116
00006411.png 1347.038943 1347.039111 352 252 2072 258 192 188 120
00006412.png 1347.115944 1347.116133 368 270 4052 290 186 156 168
00006413.png 1347.163070 1347.163312 382 292 1936 314 218 136 148
00006414.png 1347.224316 1347.224515 370 292 2952 284 222 172 140
00006415.png 1347.443754 1347.443995 326 308 1348 262 234 128 148
00006416.png 1347.520715 1347.521023 324 314 1392 254 236 140 156
00006417.png 1347.611235 1347.611532 326 312 1756 254 228 144 168
00006418.png 1347.715854 1347.716055 328 314 1296 262 238 132 152
00006419.png 1347.776730 1347.776971 330 320 1448 266 236 128 168
00006420.png 1347.834029 1347.834219 352 290 1448 284 220 136 140
00006421.png 1348.030242 1348.030451 356 286 1648 288 206 136 160
00006422.png 1348.082603 1348.082813 376 252 1468 308 182 136 140
00006423.png 1348.127686 1348.127765 354 286 2072 290 198 128 176
00006424.png 1348.249430 1348.249637 364 288 9736 274 170 180 236
00006425.png 1348.304834 1348.305200 340 320 1712 276 246 128 148
00006426.png 1348.352009 1348.352226 356 300 8228 260 178 192 244
00006427.png 1348.404573 1348.404779 374 290 8032 280 188 188 204
00006428.png 1348.465438 1348.465647 390 266 2524 332 166 116 200
00006429.png 1348.540618 1348.540849 416 220 2016 360 132 112 176
00006430.png 1348.591464 1348.591790 416 218 2644 356 120 120 196
00006431.png 1348.640354 1348.640521 420 216 2324 360 124 120 184
00006432.png 1348.683621 1348.683828 408 236 4768 320 126 176 220
00006433.png 1348.960627 1348.960775 376 270 7148 264 166 224 208
00006434.png 1349.020040 1349.020283 360 302 8216 240 202 240 200
00006435.png 1349.085238 1349.085459 396 274 2376 326 186 140 176
00006436.png 1349.140263 1349.140367 442 252 1312 380 190 124 124
00006437.png 1349.227177 1349.227441 406 278 8184 294 190 224 176
00006438.png 1349.263898 1349.264063 372 248 1296 306 188 132 120
00006439.png 1349.354892 1349.355142 330 256 5740 244 170 172 172
00006440.png 1349.402899 1349.403079 290 294 3344 220 208 140 172
00006441.png 1349.499788 1349.500056 328 218 2228 240 140 176 156
00006442.png 1349.794809 1349.795096 306 266 1264 246 204 120 124
00006443.png 1349.860547 1349.860783 326 230 2072 250 160 152 140
00006444.png 1350.159666 1350.159868 328 196 1416 254 138 148 116
00006445.png 1350.219351 1350.219678 328 202 1220 258 142 140 120
00006446.png 1350.494919 1350.495136 330 200 1216 262 140 136 120
00006447.png 1350.556271 1350.556492 348 208 2492 276 138 144 140
00006448.png 1350.603715 1350.603910 364 232 3700 296 130 136 204
00006449.png 1350.827643 1350.827866 284 238 5764 194 140 180 196
00006450.png 1350.950021 1350.950251 96 202 4564 20 118 152 168
00006451.png 1351.216708 1351.216979 112 188 1876 26 124 172 128
00006452.png 1351.276539 1351.276726 110 180 15680 8 30 204 300
00006453.png 1351.847386 1351.847672 352 178 1940 286 100 132 156
00006454.png 1352.103786 1352.103994 376 264 2716 286 196 180 136
00006455.png 1352.156458 1352.156566 476 340 1980 412 262 128 156
00006456.png 1352.417360 1352.417574 516 320 1800 448 242 136 156
00006457.png 1352.478982 1352.479215 534 326 5148 458 244 152 164
00006458.png 1352.599619 1352.599805 502 336 1920 438 260 128 152
00006459.png 1352.697709 1352.697912 496 334 1480 422 260 172 148
00006460.png 1352.758114 1352.758342 514 338 9140 0 0 0 0
00006461.png 1352.821030 1352.821265 534 328 3496 0 0 0 0
00006462.png 1353.037030 1353.037247 548 340 10776 456 208 182 264
00006463.png 1353.116073 1353.116326 504 336 3120 420 256 168 160
00006464.png 1353.325065 1353.325288 452 308 1340 392 244 120 128
00006465.png 1353.391324 1353.391564 326 222 4292 224 154 204 136
00006466.png 1353.474689 1353.474912 318 238 2360 238 174 160 128
00006467.png 1353.522603 1353.522856 370 312 2068 298 244 144 136
00006468.png 1353.672685 1353.673021 336 302 1832 276 234 120 136
00006469.png 1353.723633 1353.723860 330 292 2820 240 228 180 128
00006470.png 1353.784328 1353.784557 314 288 4576 230 210 168 156
00006471.png 1354.065873 1354.066094 320 314 2612 232 248 176 132
00006472.png 1354.384990 1354.385303 290 222 4192 184 126 212 192
00006473.png 1354.509757 1354.509967 324 210 2332 252 126 144 168
00006474.png 1354.586797 1354.587000 338 206 1896 262 134 152 144
00006475.png 1354.769800 1354.770067 384 184 1388 324 110 120 148
00006476.png 1354.835225 1354.835463 382 190 1912 296 110 172 160
00006477.png 1354.925226 1354.925430 390 196 1256 334 120 112 152
00006478.png 1355.191144 1355.191331 388 198 1968 312 128 152 140
00006479.png 1355.240471 1355.240708 394 204 3948 298 108 192 192
00006480.png 1355.455878 1355.455968 392 242 3824 314 152 156 180
00006481.png 1355.509640 1355.509858 362 266 1956 278 200 168 132
00006482.png 1355.563936 1355.564170 376 262 4388 276 158 200 208
00006483.png 1355.632722 1355.632840 380 260 2692 310 174 140 172
00006484.png 1355.682466 1355.682680 420 238 2900 350 152 140 172
00006485.png 1355.738127 1355.738244 420 240 2680 350 154 140 172
00006486.png 1355.787972 1355.788174 416 244 4416 316 138 200 212
00006487.png 1355.864740 1355.864976 414 242 4088 336 158 156 168
00006488.png 1355.918482 1355.918704 416 242 4680 314 140 204 204
00006489.png 1355.971416 1355.971674 418 244 3956 338 158 160 172
00006490.png 1356.337173 1356.337400 394 256 1568 328 198 132 116
00006491.png 1356.615285 1356.615541 302 312 3352 224 242 156 140
00006492.png 1356.694973 1356.695179 326 336 1952 258 260 136 152
00006493.png 1356.746601 1356.746700 418 300 1392 354 234 128 132
00006494.png 1356.825039 1356.825259 340 300 16280 232 172 216 256
00006495.png 1356.887924 1356.888068 322 302 1876 250 234 144 136
00006496.png 1356.939895 1356.940094 306 304 1556 240 236 132 136
00006497.png 1357.007225 1357.007421 298 316 13424 206 172 184 288
00006498.png 1357.060864 1357.061065 216 318 11800 98 172 236 292
00006499.png 1357.112321 1357.112546 292 236 1776 240 174 104 124
00006500.png 1357.184965 1357.185197 316 248 4724 230 140 172 216
00006501.png 1357.243800 1357.244032 156 322 16664 22 172 268 300
00006502.png 1357.362833 1357.362995 150 302 1792 72 228 156 148
00006503.png 1357.414811 1357.415034 160 276 4192 42 194 236 164
00006504.png 1357.465640 1357.465848 196 278 1396 142 196 108 164
00006505.png 1357.548515 1357.548681 170 266 5108 66 158 208 216
00006506.png 1357.594056 1357.594213 244 202 1356 176 142 136 120
00006507.png 1357.852865 1357.853094 326 268 1800 254 194 144 148
00006508.png 1357.910091 1357.910296 414 282 2180 340 214 148 136
00006509.png 1358.118912 1358.119151 492 300 5224 404 206 176 188
00006510.png 1358.180807 1358.180962 502 298 4912 412 214 180 168
00006511.png 1358.267838 1358.268015 526 292 4848 436 204 180 176
00006512.png 1358.347950 1358.348111 554 290 3540 472 224 164 132
00006513.png 1358.426610 1358.426761 580 298 3508 520 230 118 136
00006514.png 1358.477512 1358.477682 588 300 3332 516 234 122 132
00006515.png 1358.529776 1358.530004 600 296 2872 544 232 94 128
00006516.png 1358.576771 1358.576977 598 294 2804 534 232 104 124
00006517.png 1358.624812 1358.625035 598 294 2432 532 236 106 116
00006518.png 1358.673376 1358.673599 590 296 2584 514 238 124 116
00006519.png 1358.876051 1358.876174 552 282 2872 452 198 186 168
00006520.png 1358.965986 1358.966089 498 268 2900 420 176 156 184
00006521.png 1359.023401 1359.023519 442 254 1620 374 176 136 156
00006522.png 1359.074982 1359.075137 426 262 1472 338 202 176 120
00006523.png 1359.129120 1359.129345 440 268 2152 354 202 172 132
00006524.png 1359.368922 1359.369082 450 274 2508 360 202 180 144
00006525.png 1359.431572 1359.431675 444 268 2752 372 188 144 160
00006526.png 1359.487515 1359.487705 420 272 2976 316 206 208 132
00006527.png 1359.552799 1359.553056 400 272 3508 316 198 168 148
00006528.png 1359.609629 1359.609747 378 260 1752 306 192 144 136
00006529.png 1359.660582 1359.660676 288 224 4196 202 132 172 184
00006530.png 1359.740724 1359.740937 272 234 1992 196 174 152 120
00006531.png 1359.797946 1359.798115 164 210 3488 94 130 140 160
00006532.png 1359.845197 1359.845420 138 212 1348 80 148 116 128
00006533.png 1359.925221 1359.925463 140 206 8960 34 92 212 228
00006534.png 1359.973104 1359.973326 192 244 2540 126 170 132 148
00006535.png 1360.041310 1360.041541 186 228 3916 96 122 180 212
00006536.png 1360.087942 1360.088153 238 280 1236 182 208 112 144
00006537.png 1360.134377 1360.134499 246 256 5452 146 182 200 148
00006538.png 1360.438292 1360.438466 196 204 5768 90 130 212 148
00006539.png 1360.494562 1360.494806 210 206 2052 130 138 160 136
00006540.png 1360.584316 1360.584512 274 232 2632 194 164 160 136
00006541.png 1360.674078 1360.674358 286 230 2616 188 158 196 144
00006542.png 1360.764588 1360.764826 288 232 1816 202 174 172 116
00006543.png 1360.813489 1360.813741 288 228 1516 210 166 156 124
00006544.png 1360.897701 1360.897925 304 232 2080 226 164 156 136
00006545.png 1361.017026 1361.017289 316 236 2584 224 156 184 160
00006546.png 1361.068350 1361.068549 340 248 2388 248 170 184 156
00006547.png 1361.124981 1361.125219 348 252 2288 254 172 188 160
00006548.png 1361.205440 1361.205684 366 260 1680 286 188 160 144
00006549.png 1361.263329 1361.263589 372 266 2408 280 186 184 160
00006550.png 1361.565744 1361.565942 308 238 1628 242 166 132 144
00006551.png 1361.638572 1361.638691 274 226 1804 206 150 136 152
00006552.png 1361.932278 1361.932518 278 230 2008 210 154 136 152
00006553.png 1361.975335 1361.975544 326 248 2980 224 184 204 128
00006554.png 1362.114314 1362.114559 382 288 2416 308 200 148 176
00006555.png 1362.414652 1362.414867 418 302 2332 324 234 188 136
00006556.png 1362.490933 1362.491103 422 302 2724 326 240 192 124
00006557.png 1362.569167 1362.569412 428 304 1472 368 228 120 152
00006558.png 1362.631777 1362.632085 452 330 2084 376 256 152 148
00006559.png 1362.898410 1362.898676 396 278 1832 320 216 152 124
00006560.png 1362.941421 1362.941584 378 268 3428 270 190 216 156
00006561.png 1363.201330 1363.201502 412 282 5052 304 206 216 152
00006562.png 1363.276523 1363.276811 450 306 2628 376 222 148 168
00006563.png 1363.323194 1363.323455 444 308 4128 316 216 256 184
00006564.png 1363.396997 1363.397215 442 310 2220 350 252 184 116
00006565.png 1363.473892 1363.474060 424 312 1812 350 242 148 140
00006566.png 1363.545302 1363.545515 430 308 5924 310 236 240 144
00006567.png 1363.594979 1363.595162 434 300 1336 366 238 136 124
00006568.png 1363.672234 1363.672290 418 278 4240 316 212 204 132
00006569.png 1363.896663 1363.896845 376 270 4444 258 202 236 136
00006570.png 1363.957298 1363.957555 370 272 1836 300 206 140 132
00006571.png 1364.084349 1364.084629 378 284 1592 284 222 188 124
00006572.png 1364.152441 1364.152532 382 282 2972 292 218 180 128
00006573.png 1364.369119 1364.369368 370 282 3744 276 210 188 144
00006574.png 1364.441813 1364.442022 366 274 5584 248 200 236 148
00006575.png 1364.548374 1364.548571 372 276 4512 258 200 228 152
00006576.png 1364.607754 1364.607987 364 278 2076 292 214 144 128
00006577.png 1364.858532 1364.858733 360 286 1528 290 220 140 132
00006578.png 1364.909370 1364.909557 348 292 2856 256 226 184 132
00006579.png 1364.972483 1364.972683 350 290 4996 244 222 212 136
00006580.png 1365.044335 1365.044557 346 292 1840 274 226 144 132
00006581.png 1365.101230 1365.101444 346 294 3208 252 226 188 136
00006582.png 1365.352163 1365.352406 376 284 3040 264 226 224 116
00006583.png 1365.402283 1365.402488 350 276 1420 280 216 140 120
00006584.png 1365.723179 1365.723427 406 340 1984 338 260 136 160
00006585.png 1365.784518 1365.784592 406 344 2540 330 262 152 164
00006586.png 1366.034510 1366.034741 428 336 1512 368 266 120 140
00006587.png 1366.087999 1366.088218 424 332 4564 308 242 232 180
00006588.png 1366.388908 1366.389095 428 326 4412 340 242 176 168
00006589.png 1366.439183 1366.439428 422 338 5344 326 230 192 216
00006590.png 1366.484976 1366.485207 418 346 4600 336 236 164 220
00006591.png 1366.755205 1366.755434 402 332 2032 336 254 132 156
00006592.png 1366.805236 1366.805385 388 328 4692 308 244 160 168
00006593.png 1366.858988 1366.859080 376 322 2760 300 240 152 164
00006594.png 1366.909115 1366.909211 370 324 3076 296 242 148 164
00006595.png 1366.971597 1366.971736 366 320 2284 300 242 132 156
00006596.png 1367.005028 1367.005218 356 318 6920 250 236 212 164
00006597.png 1367.074666 1367.074807 352 320 5068 272 232 160 176
00006598.png 1367.147664 1367.147777 338 324 7144 222 236 232 176
00006599.png 1367.202257 1367.202454 350 334 1376 292 268 116 132
00006600.png 1367.398100 1367.398344 344 342 4344 236 266 216 152
00006601.png 1367.665813 1367.666093 332 320 6084 226 220 212 200
00006602.png 1367.783869 1367.784027 342 316 3648 254 248 176 136
00006603.png 1367.975677 1367.975926 354 318 6664 246 238 216 160
00006604.png 1368.070947 1368.071199 350 312 3844 244 236 212 152
00006605.png 1368.360222 1368.360419 324 326 6144 226 234 196 184
00006606.png 1368.607391 1368.607602 348 324 8540 238 232 220 184
00006607.png 1368.661672 1368.661815 352 324 1228 284 264 136 120
00006608.png 1368.897751 1368.897890 360 324 2100 288 262 144 124
00006609.png 1369.000578 1369.000142 352 322 5212 274 234 156 176
00006610.png 1369.072183 1369.072302 316 302 1372 244 238 144 128
00006611.png 1369.375157 1369.375286 258 256 1408 182 178 152 156
00006612.png 1369.424254 1369.424415 258 258 1300 184 192 148 132
00006613.png 1369.632458 1369.632617 238 222 5800 118 142 240 160
00006614.png 1369.683424 1369.683711 196 158 5912 76 80 240 156
00006615.png 1369.917896 1369.918105 240 216 1260 180 144 120 144
00006616.png 1369.974974 1369.975220 228 190 2300 162 114 132 152
00006617.png 1370.229633 1370.229877 262 210 1404 194 112 136 196
00006618.png 1370.277571 1370.277781 312 256 2504 238 168 148 176
00006619.png 1370.327435 1370.327668 312 248 2244 248 172 128 152
00006620.png 1370.390215 1370.390415 330 270 2368 268 190 124 160
00006621.png 1370.443044 1370.443273 352 294 3340 272 208 160 172
00006622.png 1370.492533 1370.492832 372 266 1344 302 208 140 116
00006623.png 1370.549606 1370.549829 376 268 2116 314 192 124 152
00006624.png 1370.615479 1370.615662 376 278 1484 308 208 136 140
00006625.png 1370.663264 1370.663462 376 260 1684 310 190 132 140
00006626.png 1370.702500 1370.702675 378 242 1316 308 180 140 124
00006627.png 1370.795347 1370.795582 412 250 1376 338 192 148 116
00006628.png 1370.890650 1370.890913 428 242 2164 360 170 136 144
00006629.png 1370.936744 1370.936960 444 238 2580 356 170 176 136
00006630.png 1370.981703 1370.981828 432 208 1828 358 148 148 120
00006631.png 1371.041904 1371.042188 438 206 2228 352 130 172 152
00006632.png 1371.117711 1371.117916 440 220 1288 366 166 148 108
00006633.png 1371.176578 1371.176731 444 210 2336 372 138 144 144
00006634.png 1371.224114 1371.224375 452 208 1532 388 142 128 132
00006635.png 1371.280746 1371.281011 460 218 1488 380 156 160 124
00006636.png 1371.339938 1371.340185 452 230 1372 388 168 128 124
00006637.png 1371.395082 1371.395347 442 230 1464 378 166 128 128
00006638.png 1371.476975 1371.477240 468 230 3764 374 164 188 132
00006639.png 1371.558138 1371.558359 458 178 3192 352 106 212 144
00006640.png 1371.651457 1371.651596 428 166 3164 342 94 172 144
00006641.png 1371.702137 1371.702391 438 212 1992 354 142 168 140
00006642.png 1371.752889 1371.753112 442 210 5532 346 118 192 184
00006643.png 1371.802968 1371.803227 440 200 5076 352 106 176 188
00006644.png 1371.856125 1371.856412 436 190 6740 342 92 188 196
00006645.png 1371.933548 1371.933836 432 180 5480 348 80 168 200
00006646.png 1371.979722 1371.979940 428 186 2524 354 108 148 156
00006647.png 1372.031557 1372.031812 420 188 2700 344 110 152 156
00006648.png 1372.083487 1372.083724 406 186 1988 338 108 136 156
00006649.png 1372.158253 1372.158550 404 174 5148 308 86 192 176
00006650.png 1372.207584 1372.207844 406 176 4748 314 88 184 176
00006651.png 1372.255772 1372.256167 402 178 4748 312 94 180 168
00006652.png 1372.310072 1372.310382 400 178 5800 298 90 204 176
00006653.png 1372.385309 1372.385481 384 176 2204 320 92 128 168
00006654.png 1372.435358 1372.435626 374 174 2480 310 90 128 168
00006655.png 1372.484752 1372.484986 372 176 3320 290 96 164 160
00006656.png 1372.532132 1372.532284 368 172 1228 312 102 112 140
00006657.png 1372.634079 1372.634193 368 172 2508 296 100 144 144
00006658.png 1372.692463 1372.692598 366 178 1520 308 106 116 144
00006659.png 1372.748567 1372.748725 366 178 2444 304 104 124 148
00006660.png 1372.846160 1372.846354 376 178 2244 308 100 136 156
00006661.png 1373.116579 1373.116772 412 204 1452 346 138 132 132
00006662.png 1373.170579 1373.170742 414 198 3376 334 122 160 152
00006663.png 1373.218025 1373.218207 416 192 3120 336 114 160 156
00006664.png 1373.279608 1373.279780 432 158 1456 356 92 152 132
00006665.png 1373.325818 1373.326028 432 166 2920 350 98 164 136
00006666.png 1373.406498 1373.406791 406 210 3280 328 128 156 164
00006667.png 1373.455372 1373.455604 394 206 3956 310 122 168 168
00006668.png 1373.506298 1373.506525 386 204 5836 294 120 184 168
00006669.png 1373.578714 1373.578913 376 206 1928 310 120 132 172
00006670.png 1373.627745 1373.627867 372 224 1204 306 166 132 116
00006671.png 1373.938394 1373.938593 370 226 4300 278 132 184 188
00006672.png 1374.179528 1374.179721 332 210 1292 264 154 136 112
00006673.png 1374.413670 1374.413886 296 214 3116 222 122 148 184
00006674.png 1374.482741 1374.482910 288 220 2152 218 148 140 144
00006675.png 1374.528167 1374.528341 284 224 1440 214 154 140 140
00006676.png 1375.061668 1375.061824 278 234 3900 208 146 152 196
00006677.png 1375.286988 1375.287160 222 210 10604 138 68 168 284
00006678.png 1375.333384 1375.333567 158 182 7904 16 72 144 168
00006679.png 1375.433348 1375.433584 94 144 12116 0 0 222 290
00006680.png 1375.489632 1375.489807 94 148 12172 6 4 176 288
00006681.png 1375.564202 1375.564455 88 134 1984 12 76 152 116
00006682.png 1375.626721 1375.626917 74 98 2080 8 28 132 140
00006683.png 1375.904402 1375.904611 154 144 5036 60 46 188 196
00006684.png 1375.971387 1375.971639 156 146 2940 84 60 144 172
00006685.png 1376.273402 1376.273616 252 186 2968 174 90 156 192
00006686.png 1376.354863 1376.355066 280 208 2300 218 136 136 164
00006687.png 1376.560635 1376.560862 286 218 2720 0 0 0 0
00006688.png 1376.615905 1376.616137 398 226 1564 316 168 164 116
00006689.png 1376.889542 1376.889656 390 268 1408 346 210 88 116
00006690.png 1376.927718 1376.927954 382 308 1968 304 238 156 140
00006691.png 1377.001372 1377.001576 382 348 2004 316 278 132 140
00006692.png 1377.061843 1377.062124 384 346 2224 312 276 144 140
00006693.png 1377.126229 1377.126407 386 348 1748 318 280 136 136
00006694.png 1377.191911 1377.192083 384 352 1788 314 278 140 148
00006695.png 1377.388920 1377.387111 402 322 1796 330 256 144 132
00006696.png 1377.442211 1377.442397 404 322 2028 324 252 160 140
00006697.png 1377.486940 1377.487121 342 302 9160 206 218 272 168
00006698.png 1377.762640 1377.762858 258 264 4104 186 174 144 180
00006699.png 1377.800743 1377.800834 272 224 1216 204 170 136 108
00006700.png 1377.876287 1377.876418 376 224 1456 314 160 124 128
00006701.png 1377.920812 1377.921013 452 288 3712 368 214 168 148
00006702.png 1377.987758 1377.987949 480 308 4664 376 232 208 152
00006703.png 1378.213600 1378.213806 484 306 5768 382 228 204 156
00006704.png 1378.282618 1378.282842 478 298 4020 386 220 184 156
00006705.png 1378.364986 1378.365238 456 280 2988 356 192 200 176
00006706.png 1378.629207 1378.629453 432 268 3384 334 176 196 184
00006707.png 1378.719899 1378.720063 440 274 1760 354 194 172 160
00006708.png 1378.782574 1378.782707 428 290 2200 362 210 132 160
00006709.png 1378.848487 1378.848620 422 298 3044 352 210 140 176
00006710.png 1379.077737 1379.077871 414 302 2220 346 216 136 172
00006711.png 1379.141331 1379.141460 312 274 3224 236 202 152 144
00006712.png 1379.187899 1379.188010 312 272 1872 248 180 128 184
00006713.png 1379.276788 1379.276897 308 268 2880 242 174 132 188
00006714.png 1379.336494 1379.336623 386 282 3496 320 178 132 208
00006715.png 1379.408870 1379.408988 376 274 3616 300 162 152 224
00006716.png 1379.461164 1379.461274 362 272 2508 294 188 136 168
00006717.png 1379.494842 1379.494953 358 278 2644 298 192 120 172
00006718.png 1379.548586 1379.548824 354 288 1716 296 202 116 172
00006719.png 1379.604660 1379.604796 348 282 3212 268 166 160 232
00006720.png 1379.648596 1379.648794 342 274 2700 272 166 140 216
00006721.png 1379.708211 1379.708480 336 256 2804 266 148 140 216
00006722.png 1379.774071 1379.774528 280 246 1628 220 162 120 168
00006723.png 1379.837415 1379.837621 276 228 1372 210 150 132 156
00006724.png 1379.901503 1379.901639 332 216 1336 268 156 128 120
00006725.png 1379.966555 1379.966781 344 234 1284 282 170 124 128
00006726.png 1380.036269 1380.036519 334 252 1612 268 184 132 136
00006727.png 1380.074671 1380.074881 272 252 1320 212 184 120 136
00006728.png 1380.129141 1380.129361 194 244 10648 72 134 244 220
00006729.png 1380.171790 1380.172040 138 232 10868 20 124 236 216
00006730.png 1380.237267 1380.237467 184 246 1928 108 180 152 132
00006731.png 1380.311529 1380.311722 186 242 9200 62 136 248 212
00006732.png 1380.383511 1380.383833 280 228 1204 224 160 112 136
00006733.png 1380.453378 1380.453616 358 238 2956 292 138 132 200
00006734.png 1380.522194 1380.522417 362 236 3856 290 138 144 196
00006735.png 1380.700407 1380.700945 360 262 1332 302 196 116 132
00006736.png 1380.796527 1380.796728 356 248 1396 292 188 128 120
00006737.png 1381.028852 1381.029187 348 244 2636 276 142 144 204
00006738.png 1381.099461 1381.099638 358 218 3456 272 130 172 176
00006739.png 1381.172055 1381.172240 376 210 1636 312 144 128 132
00006740.png 1381.238349 1381.238683 370 200 2668 286 126 168 148
00006741.png 1381.521198 1381.521400 344 222 2196 290 128 140 120
00006742.png 1381.568081 1381.568250 358 208 1576 286 144 144 128
00006743.png 1381.612148 1381.612344 372 196 1640 302 128 140 136
00006744.png 1381.817239 1381.817697 400 200 2272 320 130 160 140
00006745.png 1381.900533 1381.900788 362 198 1216 296 138 132 120
00006746.png 1381.963962 1381.964185 368 196 1376 296 134 144 124
00006747.png 1382.008522 1382.008766 374 192 1300 332 154 140 124
00006748.png 1382.341701 1382.341902 402 218 1608 328 152 148 132
00006749.png 1382.409858 1382.410086 404 198 2348 326 130 156 136
00006750.png 1382.482673 1382.483207 380 192 4948 300 94 160 196
00006751.png 1382.558150 1382.558307 370 206 3376 288 120 164 172
00006752.png 1382.652333 1382.652470 334 198 2444 230 130 208 136
00006753.png 1382.984048 1382.984282 106 150 5148 20 60 172 180
00006754.png 1383.029397 1383.029607 104 150 3844 16 60 176 180
00006755.png 1383.311333 1383.311588 98 110 1892 24 48 148 124
00006756.png 1383.368867 1383.369126 100 114 5276 10 20 180 188
00006757.png 1383.594920 1383.595160 108 136 15436 0 0 242 304
00006758.png 1383.843512 1383.843728 292 240 1208 226 180 132 120
00006759.png 1383.899432 1383.899623 288 240 2324 214 170 148 140
00006760.png 1383.973491 1383.973738 366 338 1816 292 276 148 124
00006761.png 1384.048712 1384.048933 360 312 1308 300 246 120 132
00006762.png 1384.337972 1384.338221 356 292 1704 288 230 136 124
00006763.png 1384.389277 1384.389525 280 254 2420 208 180 144 148
00006764.png 1384.472585 1384.472827 218 222 2340 150 148 136 148
00006765.png 1384.526596 1384.526814 166 218 5760 58 136 216 164
00006766.png 1384.579681 1384.579861 162 174 2164 100 96 124 156
00006767.png 1384.665195 1384.665402 164 214 5272 50 138 228 152
00006768.png 1384.728787 1384.729005 152 244 25024 6 68 292 352
