00007516.png 1576.971440 1576.971728 366 232 1540 290 158 152 148
00007517.png 1577.072399 1577.072348 370 232 3192 288 156 164 152
00007518.png 1577.329749 1577.329969 330 272 4072 224 200 212 144
00007519.png 1577.383228 1577.383443 330 272 3548 228 202 204 140
00007520.png 1577.629937 1577.630172 318 276 3192 208 204 220 144
00007521.png 1577.710205 1577.710465 284 278 1916 218 210 132 136
00007522.png 1577.963051 1577.963254 270 278 4144 156 202 228 152
00007523.png 1578.024713 1578.024935 292 278 4200 182 202 220 152
00007524.png 1578.072430 1578.072643 298 274 5820 190 194 216 160
00007525.png 1578.125274 1578.125520 298 276 3748 192 202 212 148
00007526.png 1578.215125 1578.215359 306 280 1640 222 212 168 136
00007527.png 1578.297825 1578.298053 294 288 1996 228 218 132 140
00007528.png 1578.393873 1578.394155 276 292 2920 202 226 148 132
00007529.png 1578.679340 1578.679605 330 270 6320 220 188 220 164
00007530.png 1578.749397 1578.749566 318 278 3224 244 208 148 140
00007531.png 1578.838452 1578.838653 330 280 4436 236 198 188 164
00007532.png 1578.911155 1578.911388 348 272 3988 260 188 176 168
00007533.png 1578.982881 1578.983094 360 270 2936 282 192 156 156
00007534.png 1579.037439 1579.037641 366 264 2600 296 192 140 144
00007535.png 1579.280283 1579.280569 434 184 5324 358 128 152 112
00007536.png 1579.597978 1579.598207 368 288 1988 298 224 140 128
00007537.png 1579.647962 1579.648249 376 294 1412 304 236 144 116
00007538.png 1579.703930 1579.704206 388 298 1540 316 240 144 116
00007539.png 1579.934165 1579.934423 404 298 3424 298 236 212 124
00007540.png 1579.990814 1579.991043 330 340 2440 256 272 148 136
00007541.png 1580.065322 1580.065565 324 344 1824 246 282 156 124
00007542.png 1580.122933 1580.123192 386 284 1728 316 222 140 124
00007543.png 1580.202902 1580.203266 368 294 4120 278 216 180 156
00007544.png 1580.340718 1580.340914 378 296 2812 308 222 140 148
00007545.png 1580.418925 1580.419204 372 320 2856 300 246 144 148
00007546.png 1580.698580 1580.698809 390 320 1352 302 288 128 116
00007547.png 1580.760411 1580.760697 354 346 3680 250 266 208 160
00007548.png 1580.827789 1580.828322 382 332 1880 296 272 172 120
00007549.png 1581.077493 1581.077709 394 322 2952 294 256 200 132
00007550.png 1581.191516 1581.191731 418 322 2128 334 262 168 120
00007551.png 1581.288401 1581.288655 402 322 2028 324 256 156 132
00007552.png 1581.361960 1581.362196 410 322 2392 342 254 136 136
00007553.png 1581.455342 1581.455593 436 318 2400 360 252 152 132
00007554.png 1581.755592 1581.755795 434 318 2756 362 246 144 144
00007555.png 1581.862055 1581.862245 438 322 1900 366 258 144 128
00007556.png 1581.938692 1581.938887 410 324 2176 336 256 148 136
00007557.png 1582.011369 1582.011608 318 226 1796 250 174 136 104
00007558.png 1582.090104 1582.090310 226 104 11160 102 0 248 220
00007559.png 1582.161682 1582.161794 272 186 1312 200 128 144 116
00007560.png 1582.240386 1582.240552 348 298 1412 282 234 132 128
00007561.png 1582.315235 1582.315429 366 306 1388 298 246 136 120
00007562.png 1582.361691 1582.361849 318 236 17268 188 118 260 236
00007563.png 1582.650781 1582.650954 342 240 3528 268 166 148 148
00007564.png 1582.730900 1582.731018 410 308 1896 340 238 140 140
00007565.png 1582.792870 1582.793026 416 308 3244 342 234 148 148
00007566.png 1582.856686 1582.856886 412 308 3264 326 236 172 144
00007567.png 1582.907241 1582.907436 418 310 1720 356 236 124 148
00007568.png 1583.182565 1583.182752 354 276 1368 280 218 148 116
00007569.png 1583.258979 1583.259136 398 330 2064 316 268 164 124
00007570.png 1583.349310 1583.349418 328 260 13536 216 128 224 264
00007571.png 1583.544731 1583.544971 270 210 1292 214 136 112 148
00007572.png 1583.588927 1583.589179 224 160 1964 150 94 148 132
00007573.png 1583.640288 1583.640494 264 224 1208 200 148 128 152
00007574.png 1583.690820 1583.691171 286 212 12840 154 32 264 360
00007575.png 1583.930357 1583.930657 312 258 2684 214 190 196 136
00007576.png 1584.006856 1584.007071 350 330 2412 240 256 220 148
00007577.png 1584.059404 1584.059602 336 320 1376 262 266 148 108
00007578.png 1584.309518 1584.309789 338 322 3816 220 258 236 128
00007579.png 1584.367094 1584.367182 340 316 1956 278 250 124 132
00007580.png 1584.429474 1584.429669 348 310 1380 290 246 116 128
00007581.png 1584.526018 1584.526161 378 330 1784 312 266 132 128
00007582.png 1584.568539 1584.568708 384 336 2580 312 250 144 172
00007583.png 1584.622575 1584.622666 384 340 1656 318 276 132 128
00007584.png 1584.681104 1584.681200 384 342 1724 318 278 132 128
00007585.png 1584.758343 1584.758556 384 342 1656 318 278 132 128
00007586.png 1584.834874 1584.835092 384 344 1592 318 280 132 128
00007587.png 1584.915534 1584.915792 382 344 1444 318 280 128 128
00007588.png 1584.992832 1584.993777 426 362 1288 368 294 116 136
00007589.png 1585.053966 1585.054181 468 378 1452 396 310 144 136
00007590.png 1585.329577 1585.329745 418 342 1224 356 284 124 116
00007591.png 1585.445870 1585.446104 392 334 6036 266 242 252 184
00007592.png 1585.523024 1585.523244 388 322 1900 326 248 124 148
00007593.png 1585.599817 1585.600037 370 314 2196 306 238 128 152
00007594.png 1585.664157 1585.664398 370 314 2568 304 238 132 152
00007595.png 1585.744058 1585.744201 360 304 1916 288 240 144 128
00007596.png 1585.793754 1585.793922 354 296 1292 290 236 128 120
00007597.png 1586.047163 1586.047392 312 320 1960 238 254 148 132
00007598.png 1586.119611 1586.119822 300 328 4204 188 242 224 172
00007599.png 1586.183951 1586.184152 296 332 1292 240 264 112 136
00007600.png 1586.254019 1586.254103 316 326 7760 194 234 244 184
00007601.png 1586.307561 1586.307714 342 316 9284 222 224 240 184
00007602.png 1586.388495 1586.388694 402 268 1440 342 206 120 124
00007603.png 1586.436837 1586.437055 402 268 8396 286 180 232 176
00007604.png 1586.519417 1586.519632 392 270 5288 290 188 204 164
00007605.png 1586.576213 1586.576488 392 266 7952 290 168 204 196
00007606.png 1586.661883 1586.662075 388 262 5992 298 162 180 200
00007607.png 1586.783686 1586.783897 392 246 4704 298 166 188 160
00007608.png 1586.869222 1586.869411 390 246 5848 290 162 200 168
00007609.png 1586.953391 1586.953599 388 244 6312 286 158 204 172
00007610.png 1587.179172 1587.179372 398 252 2204 334 168 128 168
00007611.png 1587.250709 1587.250925 404 224 1944 344 144 120 160
00007612.png 1587.345011 1587.345187 396 188 2832 332 100 128 176
00007613.png 1587.422195 1587.422397 388 170 2004 318 82 140 176
00007614.png 1587.543652 1587.543886 394 170 2664 324 86 140 168
00007615.png 1587.626091 1587.626296 392 158 2668 314 76 156 164
00007616.png 1587.704296 1587.704558 388 160 4684 308 74 160 172
00007617.png 1587.830235 1587.830476 382 142 3568 304 60 156 164
00007618.png 1587.920576 1587.920754 366 164 1580 304 90 124 148
00007619.png 1587.976630 1587.976936 362 170 1440 296 102 132 136
00007620.png 1588.065429 1588.065641 380 182 1508 316 116 128 132
00007621.png 1588.153525 1588.153686 382 188 1864 310 120 144 136
00007622.png 1588.251405 1588.251948 384 202 6624 290 114 188 176
00007623.png 1588.329573 1588.329748 404 220 1404 342 154 124 132
00007624.png 1588.448437 1588.448682 396 230 2080 308 148 176 164
00007625.png 1588.518702 1588.518840 378 232 1264 314 172 128 120
00007626.png 1588.604600 1588.604736 342 224 4048 264 128 156 192
00007627.png 1588.690160 1588.690370 378 256 4072 304 168 148 176
00007628.png 1588.740337 1588.740784 346 250 1792 286 182 120 136
00007629.png 1588.809556 1588.809768 334 240 7112 228 132 212 216
00007630.png 1588.862171 1588.862338 396 260 7472 298 154 196 212
00007631.png 1588.913966 1588.914099 442 272 2980 360 164 164 216
00007632.png 1588.980494 1588.980616 430 262 3804 350 174 160 176
00007633.png 1589.060862 1589.060992 422 252 4736 336 146 172 212
00007634.png 1589.112805 1589.112957 428 258 9380 312 166 232 184
00007635.png 1589.188739 1589.188904 428 252 8440 336 136 184 232
00007636.png 1589.247665 1589.247876 360 240 2448 272 174 176 132
00007637.png 1589.300879 1589.301106 360 236 6288 266 142 188 188
00007638.png 1589.352121 1589.352302 354 226 7384 256 118 196 216
00007639.png 1589.405045 1589.405219 350 220 3592 254 140 192 160
00007640.png 1589.452879 1589.453074 344 210 9140 238 96 212 228
00007641.png 1589.509580 1589.509780 282 220 2412 208 154 148 132
00007642.png 1589.566702 1589.566942 280 220 2460 210 152 140 136
00007643.png 1589.802192 1589.802460 264 220 7032 168 132 192 176
00007644.png 1590.041428 1590.041585 330 210 7228 224 122 212 176
00007645.png 1590.117747 1590.117966 400 200 7024 302 112 196 176
00007646.png 1590.202640 1590.202843 326 204 3140 234 140 184 128
00007647.png 1590.266874 1590.267073 230 208 6876 118 118 224 180
00007648.png 1590.337113 1590.337316 254 208 3916 160 144 188 128
00007649.png 1590.664853 1590.665067 386 170 5892 298 78 176 184
00007650.png 1590.731896 1590.732040 366 164 1328 290 108 152 112
00007651.png 1590.830933 1590.831094 368 170 6376 0 0 0 0
00007652.png 1591.094475 1591.094228 412 182 11072 278 86 268 192
00007653.png 1591.180425 1591.180646 394 180 2676 302 116 184 128
00007654.png 1591.240445 1591.240591 402 176 6412 304 84 196 184
00007655.png 1591.331987 1591.332223 414 180 8300 306 88 216 184
00007656.png 1591.390367 1591.390591 418 186 1556 342 128 152 116
00007657.png 1591.641717 1591.641894 380 204 3996 270 142 220 124
00007658.png 1591.753842 1591.753993 432 244 2524 328 184 208 120
00007659.png 1592.017671 1592.017820 514 296 1624 430 242 168 108
00007660.png 1592.082026 1592.081998 440 260 7292 336 154 208 212
00007661.png 1592.193270 1592.193595 334 208 3428 246 122 176 172
00007662.png 1592.288358 1592.288586 328 202 4192 240 112 176 180
00007663.png 1592.506123 1592.506328 330 216 8720 244 92 172 248
00007664.png 1592.582335 1592.582568 322 210 2668 248 140 148 140
00007665.png 1592.797234 1592.797449 242 260 2912 166 186 152 148
00007666.png 1593.127447 1593.127697 208 258 1256 146 184 124 148
00007667.png 1593.441453 1593.441571 206 264 2852 108 170 196 188
00007668.png 1593.484782 1593.484897 194 266 3004 92 176 204 180
00007669.png 1593.712338 1593.712489 302 308 1932 240 236 124 144
00007670.png 1593.768603 1593.768807 312 324 1664 242 262 140 124
00007671.png 1593.829592 1593.829757 350 324 2584 278 254 144 140
00007672.png 1593.890338 1593.890525 282 286 2924 182 208 200 156
00007673.png 1593.972768 1593.972987 316 280 5096 190 190 252 180
00007674.png 1594.062107 1594.062338 318 280 4460 196 194 244 172
00007675.png 1594.142288 1594.142550 326 274 4216 210 194 232 160
00007676.png 1594.358585 1594.358852 324 276 4564 196 180 256 192
00007677.png 1594.426336 1594.426632 346 270 3560 242 186 208 168
00007678.png 1594.480264 1594.480508 372 264 3096 278 180 188 168
00007679.png 1594.881617 1594.881944 436 232 5496 334 144 204 176
00007680.png 1595.026540 1595.026783 410 250 7936 260 144 300 212
00007681.png 1595.130438 1595.130744 378 272 4860 216 174 300 204
00007682.png 1595.218843 1595.219017 398 256 4060 0 0 0 0
00007683.png 1595.284997 1595.285138 338 278 2740 0 0 0 0
00007684.png 1595.355340 1595.355629 324 272 6300 282 184 192 176
00007685.png 1595.644102 1595.644192 316 234 6400 222 136 188 196
00007686.png 1595.697515 1595.697594 310 234 7692 208 100 204 268
00007687.png 1595.912247 1595.912419 316 220 4088 230 118 172 204
00007688.png 1596.006163 1596.006356 308 208 8132 230 88 156 240
00007689.png 1596.109955 1596.110165 290 198 3168 226 90 128 216
00007690.png 1596.207416 1596.207628 266 190 3440 202 90 128 200
00007691.png 1596.447480 1596.447617 212 188 2744 136 82 152 212
00007692.png 1596.523030 1596.523224 218 202 2756 152 122 132 160
00007693.png 1596.661994 1596.662199 264 180 1872 200 94 128 172
00007694.png 1596.914764 1596.914967 266 164 1240 198 92 136 144
00007695.png 1596.982108 1596.982324 296 186 3188 192 110 208 152
00007696.png 1597.031294 1597.031530 302 182 2092 228 110 148 144
00007697.png 1597.364038 1597.364259 432 254 3016 358 178 148 152
00007698.png 1597.450603 1597.450815 392 218 2124 320 128 144 180
00007699.png 1597.566394 1597.566619 380 272 2600 304 210 152 124
00007700.png 1597.867068 1597.867280 364 314 1228 304 252 120 124
00007701.png 1597.965415 1597.965652 394 310 5652 308 234 148 164
00007702.png 1598.205398 1598.205663 420 294 7080 0 0 0 0
00007703.png 1598.270316 1598.270518 430 276 9592 324 124 212 304
00007704.png 1598.509547 1598.509795 424 284 11052 314 142 220 284
00007705.png 1598.584264 1598.584520 430 266 10272 318 138 224 256
00007706.png 1598.656324 1598.656542 432 266 9984 328 126 208 280
00007707.png 1598.728393 1598.728662 450 232 11232 334 72 232 320
00007708.png 1598.799293 1598.799506 452 222 13548 330 58 244 328
00007709.png 1598.873545 1598.873806 452 216 13744 334 50 236 332
00007710.png 1599.143370 1599.143612 452 214 11928 330 56 244 316
00007711.png 1599.393663 1599.393828 442 206 14216 314 38 256 336
00007712.png 1599.457996 1599.458239 436 200 13148 310 60 252 280
00007713.png 1599.550993 1599.551295 416 202 16980 294 26 244 352
00007714.png 1599.941690 1599.941916 378 218 14188 254 66 248 304
00007715.png 1600.212786 1600.213100 354 254 15284 226 88 256 332
00007716.png 1600.372763 1600.372958 348 250 12024 218 102 260 296
00007717.png 1600.541921 1600.542153 340 258 17108 208 102 264 312
00007718.png 1600.596609 1600.596847 332 270 13020 224 124 216 292
00007719.png 1600.682095 1600.682316 332 264 9172 238 142 188 244
00007720.png 1600.924696 1600.924949 312 258 3108 216 196 192 124
00007721.png 1601.004097 1601.004309 306 260 3920 214 154 184 212
00007722.png 1601.064533 1601.064836 272 258 2092 194 198 156 120
00007723.png 1601.106230 1601.106479 226 286 1508 152 224 148 124
00007724.png 1601.471227 1601.471427 246 254 1336 190 188 112 132
00007725.png 1601.551442 1601.551711 314 220 2684 240 152 148 136
00007726.png 1601.604515 1601.604756 310 218 1360 250 154 120 128
00007727.png 1601.672781 1601.673015 316 200 1940 246 128 140 144
00007728.png 1601.726435 1601.726566 334 196 4612 254 108 160 176
00007729.png 1602.104627 1602.104728 402 226 1496 324 152 156 148
00007730.png 1602.335914 1602.336234 336 238 1252 270 180 132 116
00007731.png 1602.394468 1602.394662 342 250 1680 266 188 152 124
00007732.png 1602.699919 1602.700160 160 230 2708 88 160 144 140
00007733.png 1602.898376 1602.898555 228 328 3460 132 264 192 128
00007734.png 1602.946698 1602.947061 322 320 2264 258 248 128 144
00007735.png 1603.232259 1603.232434 310 330 2300 216 266 188 128
00007736.png 1603.346313 1603.346532 262 324 2452 180 262 164 124
00007737.png 1603.529482 1603.529785 262 326 1820 186 264 152 124
00007738.png 1603.588871 1603.588960 174 338 4124 84 270 180 136
00007739.png 1603.704857 1603.705002 222 340 2944 132 276 180 128
00007740.png 1603.947567 1603.947774 272 334 4992 160 260 224 148
00007741.png 1604.001022 1604.001230 262 326 4484 118 258 288 136
00007742.png 1604.097070 1604.097297 258 288 3504 170 206 176 164
00007743.png 1604.193442 1604.193935 278 296 3216 188 232 180 128
00007744.png 1604.258707 1604.258874 278 296 5844 176 210 204 172
00007745.png 1604.313206 1604.313400 262 290 9300 104 204 316 172
00007746.png 1604.579281 1604.579360 284 256 14540 114 162 340 188
00007747.png 1604.645554 1604.645639 282 256 12596 112 158 340 196
00007748.png 1604.717209 1604.717287 274 256 15612 76 156 396 200
00007749.png 1604.769398 1604.769515 282 252 14996 108 154 348 196
00007750.png 1605.046596 1605.046847 280 244 10828 126 156 308 176
00007751.png 1605.136721 1605.136969 282 244 12156 114 150 336 188
00007752.png 1605.208606 1605.208891 274 252 6376 154 170 240 164
00007753.png 1605.279994 1605.280183 268 256 8204 144 162 248 188
00007754.png 1605.336675 1605.336867 268 258 7320 150 166 236 184
00007755.png 1605.426342 1605.426580 278 260 6016 160 182 236 156
00007756.png 1605.483919 1605.484041 286 264 5612 172 182 228 164
00007757.png 1605.571716 1605.571941 306 260 8000 158 160 296 200
00007758.png 1605.820260 1605.820525 352 262 8160 200 152 304 220
00007759.png 1606.070461 1606.070687 394 258 8756 216 154 288 220
00007760.png 1606.128817 1606.129043 402 258 7464 266 146 272 224
00007761.png 1606.217659 1606.217891 408 260 7480 276 146 264 228
00007762.png 1606.297485 1606.297773 422 252 4828 304 152 236 200
00007763.png 1606.547292 1606.547753 426 250 6752 290 136 272 228
00007764.png 1606.679972 1606.680201 432 244 4548 302 142 260 204
00007765.png 1606.919935 1606.920168 440 230 5480 318 122 244 216
00007766.png 1606.999209 1606.999407 444 222 4688 332 122 224 200
00007767.png 1607.217063 1607.217243 322 264 4708 246 156 152 216
00007768.png 1607.308052 1607.308227 336 246 2132 260 178 152 136
00007769.png 1607.361008 1607.361206 344 236 3232 252 142 184 188
00007770.png 1607.698813 1607.699038 466 168 1784 394 94 140 164
00007771.png 1607.928189 1607.928425 458 186 2764 392 108 132 156
00007772.png 1607.987998 1607.988265 460 182 1260 400 120 120 124
00007773.png 1608.080504 1608.080735 458 184 4300 386 94 144 180
00007774.png 1608.171725 1608.171970 466 182 5664 370 94 192 176
00007775.png 1608.248085 1608.248261 466 180 3096 400 96 132 168
00007776.png 1608.461661 1608.461912 468 182 3236 406 90 124 184
00007777.png 1608.588003 1608.588224 474 182 1288 418 108 112 148
00007778.png 1608.670729 1608.670957 486 186 1964 428 108 116 156
00007779.png 1608.757710 1608.757907 496 194 1864 432 126 128 136
00007780.png 1608.831836 1608.832052 498 200 1616 436 134 124 132
00007781.png 1609.074304 1609.074549 494 204 1780 434 136 120 136
00007782.png 1609.139361 1609.139583 492 212 2060 414 142 156 140
00007783.png 1609.419014 1609.419236 484 226 1616 426 158 116 136
00007784.png 1609.725052 1609.725246 474 236 2616 394 160 160 152
00007785.png 1609.780693 1609.780906 464 250 2736 384 174 160 152
00007786.png 1609.889066 1609.889279 448 266 1992 378 204 140 124
00007787.png 1609.950794 1609.951012 460 196 4108 364 134 192 124
00007788.png 1610.032790 1610.032994 452 196 1276 382 134 140 124
00007789.png 1610.083566 1610.083780 432 266 1804 360 198 144 136
00007790.png 1610.217139 1610.217377 434 262 3324 354 184 160 156
00007791.png 1610.288889 1610.289034 430 256 1636 358 188 144 136
00007792.png 1610.413278 1610.413484 430 254 2444 346 174 168 160
00007793.png 1610.747790 1610.748009 436 264 1560 362 190 148 148
00007794.png 1610.845913 1610.846070 438 272 2080 358 190 160 164
00007795.png 1610.919050 1610.919223 388 198 1216 322 146 132 104
00007796.png 1610.969105 1610.969359 388 198 3480 300 108 176 180
00007797.png 1611.068809 1611.068911 450 272 2280 372 196 156 152
00007798.png 1611.436849 1611.437034 462 286 3256 370 192 184 188
00007799.png 1611.480963 1611.481120 462 290 3420 370 196 184 188
00007800.png 1611.533495 1611.533673 462 292 3648 368 198 188 188
00007801.png 1611.577140 1611.577371 460 296 4156 366 192 188 208
00007802.png 1611.643005 1611.643215 466 292 2364 384 212 164 160
00007803.png 1611.707671 1611.707897 478 274 3520 396 190 164 168
00007804.png 1611.771932 1611.772172 482 276 2672 398 192 168 168
00007805.png 1611.824607 1611.824833 480 284 3860 396 196 168 176
00007806.png 1611.873801 1611.874045 476 288 3976 386 200 180 176
00007807.png 1611.958232 1611.958483 474 296 3608 384 206 180 180
00007808.png 1612.006289 1612.006511 470 298 2956 394 222 152 152
00007809.png 1612.054032 1612.054362 460 304 4260 376 208 168 192
00007810.png 1612.127117 1612.127258 440 320 3432 360 232 160 176
00007811.png 1612.180694 1612.180810 436 326 3308 360 244 152 164
00007812.png 1612.229458 1612.229632 436 332 3864 352 256 168 152
00007813.png 1612.276359 1612.276672 438 334 3680 356 260 164 148
00007814.png 1612.347165 1612.347271 432 346 3600 348 276 168 140
00007815.png 1612.397205 1612.397426 430 358 1480 358 292 144 132
00007816.png 1612.440709 1612.440905 428 366 2352 350 294 156 144
00007817.png 1612.738006 1612.738217 366 384 1936 302 318 128 132
00007818.png 1612.780468 1612.780666 366 386 1220 294 322 144 128
00007819.png 1612.835553 1612.835760 364 386 1328 300 318 128 136
00007820.png 1612.915213 1612.915435 392 414 1384 322 352 140 124
00007821.png 1612.967729 1612.967926 390 416 1228 310 352 160 126
00007822.png 1613.027759 1613.027950 388 416 1624 314 352 148 126
00007823.png 1613.265457 1613.265718 374 404 1440 310 336 128 136
00007824.png 1613.339696 1613.339942 370 400 1508 310 324 120 152
00007825.png 1613.398874 1613.398966 368 396 1216 310 332 116 128
00007826.png 1613.691895 1613.692122 320 392 2360 236 336 168 112
00007827.png 1613.720006 1613.720233 318 388 1280 260 324 116 128
00007828.png 1613.783424 1613.783648 316 386 1348 254 324 124 124
00007829.png 1613.839842 1613.840071 264 346 5364 196 230 136 232
00007830.png 1613.926034 1613.926257 214 324 2264 140 254 148 140
00007831.png 1614.162543 1614.162743 170 296 2928 84 226 172 140
00007832.png 1614.259370 1614.259578 256 330 1460 200 256 112 148
00007833.png 1614.447868 1614.448100 212 322 2808 110 236 204 172
00007834.png 1614.498588 1614.498688 216 324 3192 112 228 208 192
00007835.png 1614.586356 1614.586441 218 324 3216 0 0 0 0
00007836.png 1614.927463 1614.927669 320 362 3348 246 282 148 160
00007837.png 1614.996253 1614.996427 324 360 4028 240 284 168 152
00007838.png 1615.260119 1615.260286 342 352 2608 256 280 172 144
00007839.png 1615.379182 1615.379338 356 352 8880 216 238 280 228
00007840.png 1615.459984 1615.460207 362 336 7724 240 242 244 188
00007841.png 1615.541779 1615.541904 376 342 5264 290 260 172 164
00007842.png 1615.779884 1615.780146 382 340 1624 318 260 128 160
00007843.png 1615.828828 1615.829039 396 356 1764 328 288 136 136
00007844.png 1615.913678 1615.914054 408 356 4032 320 286 176 140
00007845.png 1615.978462 1615.978647 408 356 1212 344 296 128 120
00007846.png 1616.045106 1616.045347 392 346 2988 304 252 176 188
00007847.png 1616.289013 1616.289136 392 334 1692 326 270 132 128
00007848.png 1616.373988 1616.374208 406 338 1432 346 272 120 132
00007849.png 1616.434442 1616.434621 410 334 4164 314 258 192 152
00007850.png 1616.515624 1616.515832 396 328 3324 294 226 204 204
